0
19
32
47
66
75
96
105
114
127
136
145
160
173
186
207
220
231
246
257
276
289
302
315
332
343
368
389
402
417
432
443
462
477
488
501
516
535
556
573
586
599
612
625
640
655
668
683
702
725
738
753
766
781
802
815
836
859
876
897
906
919
932
953
966
979
992
1005
1020
1035
1062
1081
1100
1115
1132
1147
1160
1177
1200
1215
1238
1259
1276
1291
1308
1325
1344
1361
1374
1387
1402
1417
1436
1451
1466
1481
1502
1517
1528
1539
1552
1567
1580
1599
1612
1625
1640
1651
1672
1697
1716
1741
1752
1779
1794
1817
1850
1867
1882
1911
1928
1943
1972
1989
1998
2009
2032
2059
2084
2113
2140
2163
2182
2205
2232
2251
2288
2315
2330
2343
2370
2391
2416
2441
2452
2461
2484
2499
2512
2525
2538
2559
2574
2595
2614
2631
2648
2665
2694
2709
2738
2769
2796
2807
2834
2863
2888
2899
2924
2955
2982
3003
3024
3055
3084
3099
3122
3137
3158
3171
3188
3209
3224
3245
3264
3283
3300
3315
3344
3377
3396
3425
3446
3471
3498
3523
3548
3575
3602
3613
3640
3665
3694
3719
3746
3773
3798
3825
3852
3879
3906
3919
3946
3973
3992
4019
4046
4073
4096
4111
4138
4155
4182
4195
4212
4227
4248
4271
4286
4303
4320
4343
4364
4389
4416
4445
4458
4485
4512
4541
4564
4587
4608
4627
4644
4671
4690
4709
4730
4743
4760
4783
4806
4831
4856
4881
4920
4943
4970
4989
5002
5013
5024
5039
5052
5063
5082
5107
5134
5149
5168
5187
5208
5229
5240
5257
5274
5291
5310
5327
5344
5359
5378
5397
5414
5433
5444
5459
5476
5493
5510
5529
5552
5585
5606
5633
5660
5671
5680
5701
5720
5745
5770
5793
5804
5833
5860
5887
5914
5925
5952
5979
6006
6033
6060
6087
6112
6137
6164
6191
6218
6229
6256
6281
6308
6335
6358
6385
6410
6437
6466
6483
6510
6521
6544
6575
6596
6617
6646
6673
6702
6727
6758
6783
6808
6833
6844
6869
6890
6907
6934
6957
6980
6997
7024
7053
7080
7097
7108
7133
7150
7167
7184
7201
7226
7247
7266
7289
7316
7337
7358
7369
7394
7411
7432
7451
7464
7477
7496
7511
7524
7551
7574
7597
7636
7663
7686
7701
7720
7735
7748
7759
7786
7801
7814
7837
7856
7875
7898
7911
7934
7951
7980
7995
8012
8029
8044
8067
8082
8099
8108
8131
8152
8171
8194
8217
8238
8247
8264
8279
8310
8331
8350
8365
8380
8401
8422
8451
8464
8473
8494
8505
8532
8555
8578
8595
8614
8641
8664
8701
8722
8731
8758
8783
8796
8811
8830
8845
8868
8887
8906
8919
8930
8941
8956
8973
9002
9025
9036
9057
9086
9105
9116
9127
9156
9179
9196
9229
9258
9287
9308
9331
9358
9381
9408
9423
9452
9467
9492
9505
9532
9553
9576
9601
9612
9627
9654
9681
9696
9719
9742
9755
9778
9797
9816
9831
9852
9865
9882
9903
9920
9931
9948
9973
9990
10001
10010
10029
10038
10047
10054
10069
10082
10093
10114
10121
10128
10141
10150
10171
10182
10199
10210
10221
10228
10243
10254
10271
10278
10289
10310
10323
10336
10345
10352
10365
10392
10403
10418
10447
10470
10489
10504
10523
10538
10555
10566
10587
10602
10615
10630
10645
10658
10677
10690
10705
10718
10729
10742
10763
10774
10787
10800
10813
10832
10845
10864
10879
10894
10903
10926
10943
10956
10971
10988
11005
11016
11031
11046
11055
11072
11091
11104
11119
11136
11155
11166
11183
11198
11213
11226
11241
11262
11273
11288
11303
11318
11333
11348
11361
11376
11387
11400
11421
11432
11451
11464
11475
11492
11517
11532
11545
11562
11577
11604
11617
11630
11641
11654
11667
11684
11697
11712
11725
11740
11761
11780
11791
11804
11817
11830
11843
11866
11881
11896
11913
11940
11949
11962
11975
11990
12001
12010
12023
12036
12057
12070
12085
12096
12109
12120
12133
12144
12157
12170
12181
12192
12209
12230
12243
12252
12261
12270
12295
12304
12313
12322
12337
12346
12361
12378
12399
12412
12421
12430
12439
12448
12457
12466
12481
12496
12513
12538
12557
12574
12589
12598
12607
12618
12629
12640
12651
12668
12675
12682
12695
12716
12731
12738
12745
12758
12771
12784
12801
12814
12823
12832
12851
12872
12893
12918
12927
12944
12959
12978
12993
12998
13013
13020
13027
13042
13049
13066
13083
13098
13123
13138
13149
13162
13177
13192
13219
13238
13253
13268
13283
13302
13311
13326
13339
13348
13359
13374
13385
13402
13417
13432
13451
13466
13477
13492
13505
13518
13535
13552
13571
13586
13605
13624
13641
13662
13685
13696
13709
13728
13745
13768
13793
13812
13825
13842
13853
13864
13877
13890
13903
13916
13929
13942
13961
13980
14001
14018
14037
14054
14071
14086
14103
14120
14137
14150
14167
14186
14205
14220
14231
14242
14263
14284
14299
14314
14325
14336
14355
14370
14385
14402
14417
14432
14449
14466
14481
14496
14513
14534
14551
14566
14587
14600
14615
14636
14655
14674
14691
14708
14729
14740
14751
14766
14781
14796
14813
14828
14845
14860
14877
14898
14921
14944
14963
14980
14997
15014
15029
15046
15063
15080
15099
15116
15131
15146
15165
15178
15191
15206
15221
15234
15247
15278
15301
15314
15329
15344
15359
15380
15399
15414
15435
15448
15467
15486
15499
15514
15525
15536
15555
15570
15581
15592
15609
15630
15641
15656
15671
15688
15703
15716
15731
15748
15775
15794
15809
15822
15843
15854
15869
15892
15915
15928
15943
15962
15973
15988
16007
16020
16039
16052
16069
16086
16105
16124
16137
16150
16163
16182
16195
16210
16231
16240
16249
16258
16267
16276
16285
16294
16321
16330
16339
16348
16369
16378
16387
16396
16405
16414
16423
16450
16459
16468
16481
16496
16509
16524
16539
16554
16569
16586
16607
16624
16637
16652
16663
16676
16691
16710
16725
16740
16755
16774
16789
16806
16823
16838
16851
16864
16877
16894
16907
16920
16943
16960
16977
16992
17011
17026
17047
17058
17081
17096
17107
17128
17149
17164
17181
17190
17197
17212
17227
17242
17257
17276
17295
17310
17325
17340
17359
17380
17395
17414
17431
17456
17471
17488
17509
17528
17545
17562
17579
17596
17603
17612
17629
17640
17655
17670
17683
17702
17713
17722
17737
17758
17777
17792
17807
17820
17841
17856
17871
17892
17907
17922
17937
17952
17967
18000
18015
18034
18053
18072
18085
18104
18115
18128
18143
18152
18167
18182
18201
18210
18217
18226
18241
18270
18291
18306
18317
18326
18337
18356
18365
18374
18381
18388
18395
18408
18421
18438
18451
18462
18483
18494
18513
18524
18537
18550
18557
18564
18571
18592
18603
18622
18641
18656
18671
18684
18697
18712
18723
18734
18747
18762
18781
18790
18805
18820
18835
18854
18873
18898
18923
18938
18953
18980
19003
19016
19029
19046
19063
19072
19087
19102
19115
19128
19141
19154
19175
19188
19207
19220
19237
19254
19263
19272
19281
19290
19303
19322
19343
19364
19381
19402
19423
19438
19453
19468
19483
19498
19535
19550
19563
19580
19603
19618
19631
19642
19657
19672
19691
19722
19737
19750
19759
19768
19783
19794
19809
19822
19841
19856
19881
19900
19919
19938
19957
19976
19991
20006
20019
20038
20053
20072
20091
20110
20125
20142
20155
20172
20189
20208
20229
20246
20267
20282
20293
20310
20323
20336
20345
20356
20377
20392
20409
20428
20443
20454
20465
20474
20483
20498
20509
20522
20537
20552
20571
20584
20595
20608
20619
20630
20639
20652
20665
20676
20689
20710
20731
20746
20753
20764
20777
20792
20801
20810
20823
20838
20849
20876
20893
20910
20925
20952
20973
20994
21013
21028
21047
21062
21083
21094
21107
21128
21147
21162
21181
21198
21211
21222
21237
21248
21267
21284
21297
21316
21333
21344
21357
21368
21381
21394
21409
21422
21441
21456
21469
21490
21503
21516
21535
21552
21567
21706
21719
21734
21749
21762
21779
21800
21817
21828
21837
21856
21863
21878
21883
21898
21919
21938
21949
21964
21975
21988
21999
22006
22021
22042
22057
22074
22089
22104
22119
22138
22155
22174
22181
22198
22213
22232
22249
22264
22283
22304
22323
22340
22357
22364
22381
22394
22415
22430
22447
22462
22479
22494
22509
22524
22531
22548
22563
22580
22595
22614
22633
22650
22665
22684
22699
22712
22719
22738
22757
22772
22791
22806
22825
22840
22859
22874
22893
22900
22915
22932
22949
22962
22977
22996
23009
23024
23043
23058
23065
23082
23097
23110
23127
23146
23161
23180
23195
23214
23229
23236
23255
23272
23287
23300
23313
23324
23337
23356
23371
23386
23401
23420
23437
23452
23467
23480
23499
23514
23533
23548
23567
23582
23597
23612
23627
23646
23661
23674
23693
23708
23727
23742
23749
23772
23787
23806
23821
23836
23857
23870
23885
23900
23915
23922
23941
23960
23975
23990
24011
24030
24045
24058
24075
24092
24099
24118
24137
24156
24175
24194
24211
24230
24249
24262
24279
24286
24301
24320
24335
24350
24369
24386
24403
24422
24437
24452
24465
24472
24489
24510
24527
24544
24561
24580
24595
24612
24629
24644
24651
24666
24683
24702
24717
24732
24753
24768
24783
24802
24817
24824
24839
24860
24877
24892
24905
24918
24925
24946
24961
24974
24981
25000
25015
25026
25043
25050
25057
25070
25079
25096
25111
25118
25129
25144
25157
25170
25187
25200
25213
25222
25237
25252
25259
25276
25289
25302
25319
25334
25351
25364
25379
25392
25411
25426
25445
25460
25481
25504
25529
25548
25573
25596
25609
25632
25639
25654
25663
25682
25707
25730
25751
25758
25783
25794
25809
25816
25821
25836
25853
25868
25887
25906
25927
25952
25969
25988
25995
26010
26019
26030
26041
26048
26057
26066
26079
26096
26117
26136
26143
26160
26173
26192
26209
26222
26235
26252
26269
26284
26295
26302
26317
26336
26353
26368
26387
26402
26413
26420
26437
26454
26461
26478
26495
26514
26533
26550
26565
26580
26591
26606
26621
26628
26641
26656
26667
26682
26695
26706
26723
26738
26753
26768
26775
26792
26799
26822
26847
26862
26875
26902
26923
26948
26975
26982
27005
27024
27043
27060
27075
27100
27117
27130
27155
27172
27179
27198
27213
27228
27249
27264
27285
27310
27323
27344
27367
27390
27405
27424
27447
27462
27473
27490
27515
27530
27551
27578
27585
27608
27623
27644
27659
27674
27717
27724
27741
27756
27775
27782
27801
27816
27833
27844
27855
27866
27885
27900
27921
27936
27949
27964
27979
27994
28013
28030
28047
28062
28079
28098
28117
28136
28155
28174
28189
28210
28231
28250
28271
28292
28309
28316
28331
28352
28365
28382
28395
28414
28429
28442
28449
28460
28479
28492
28515
28544
28565
28580
28593
28602
28617
28632
28645
28660
28679
28700
28723
28752
28773
28796
28815
28840
28849
28858
28875
28884
28899
28910
28921
28936
28949
28964
28983
29002
29019
29040
29059
29080
29103
29124
29143
29160
29177
29194
29211
29234
29253
29276
29299
29316
29341
29360
29377
29400
29419
29438
29455
29474
29487
29502
29519
29538
29551
29566
29589
29604
29621
29638
29653
29660
29685
29706
29723
29742
29759
29774
29791
29802
29813
29826
29839
29852
29863
29876
29895
29914
29927
29942
29961
29970
29985
30000
30017
30040
30059
30074
30081
30106
30113
30130
30147
30156
30171
30182
30201
30212
30231
30252
30267
30282
30293
30316
30329
30344
30359
30382
30393
30408
30425
30446
30453
30460
30471
30480
30489
30500
30523
30532
30541
30550
30561
30574
30587
30602
30617
30632
30647
30670
30685
30702
30717
30732
30747
30762
30779
30796
30809
30828
30853
30872
30887
30900
30911
30926
30947
30960
30981
30996
31013
31024
31039
31062
31077
31104
31119
31136
31155
31172
31189
31204
31227
31234
31251
31266
31277
31294
31305
31318
31335
31352
31361
31390
31403
31418
31431
31444
31463
31476
31489
31510
31531
31552
31565
31576
31599
31614
31633
31652
31671
31688
31707
31722
31741
31758
31775
31794
31809
31820
31833
31854
31885
31910
31939
31958
31979
31996
32009
32032
32045
32058
32077
32090
32105
32122
32135
32156
32175
32190
32205
32218
32231
32248
32269
32280
32295
32320
32341
32360
32379
32398
32413
32426
32439
32448
32463
32480
32493
32506
32525
32538
32551
32570
32585
32606
32621
32634
32649
32664
32675
32698
32709
32718
32727
32734
32745
32756
32771
32784
32793
32802
32825
32840
32853
32866
32879
32896
32909
32926
32945
32958
32973
32996
33011
33026
33039
33048
33061
33076
33091
33110
33129
33148
33159
33182
33199
33216
33233
33246
33263
33274
33283
33300
33313
33334
33349
33368
33385
33398
33407
33416
33427
33440
33453
33470
33495
33518
33531
33544
33555
33566
33583
33602
33615
33622
33637
33654
33679
33694
33705
33720
33731
33748
33761
33780
33795
33802
33817
33842
33861
33876
33887
33894
33909
33922
33935
33950
33969
33988
34011
34030
34049
34058
34071
34082
34095
34110
34125
34138
34157
34176
34191
34204
34217
34230
34243
34254
34267
34282
34297
34322
34341
34362
34383
34404
34419
34426
34435
34448
34461
34474
34487
34506
34523
34534
34555
34568
34585
34600
34613
34626
34639
34658
34677
34692
34709
34726
34741
34754
34767
34780
34793
34810
34823
34834
34847
34860
34873
34896
34909
34924
34941
34956
34973
34986
35001
35020
35037
35050
35065
35084
35101
35116
35131
35148
35165
35180
35195
35216
35229
35244
35251
35258
35271
35286
35301
35322
35335
35362
35377
35394
35413
35432
35447
35464
35479
35494
35507
35520
35543
35556
35569
35582
35597
35608
35623
35638
35657
35670
35683
35710
35725
35736
35743
35756
35769
35786
35799
35812
35823
35838
35865
35888
35903
35914
35927
35942
35955
35964
35977
35990
36003
36030
36047
36058
36075
36090
36103
36116
36129
36142
36161
36176
36187
36208
36223
36246
36259
36272
36285
36300
36313
36328
36337
36364
36373
36380
36395
36406
36419
36434
36443
36452
36467
36476
36503
36512
36525
36542
36555
36568
36585
36600
36611
36628
36641
36658
36673
36700
36715
36728
36749
36762
36775
36788
36801
36812
36825
36840
36861
36872
36885
36900
36915
36934
36951
36966
36981
36994
37009
37024
37041
37052
37069
37080
37091
37106
37117
37128
37141
37162
37187
37198
37209
37220
37231
37242
37253
37264
37275
37286
37307
37332
37343
37354
37365
37376
37387
37400
37413
37428
37445
37462
37473
37490
37505
37522
37541
37554
37575
37590
37605
37614
37627
37652
37667
37682
37695
37710
37729
37742
37757
37770
37785
37800
37825
37840
37863
37876
37885
37904
37923
37936
37953
37966
37983
38004
38017
38032
38047
38058
38069
38084
38095
38110
38121
38132
38155
38166
38175
38184
38193
38204
38215
38226
38241
38260
38279
38294
38317
38348
38367
38386
38405
38424
38443
38458
38475
38490
38507
38536
38557
38568
38581
38594
38607
38622
38643
38662
38681
38702
38725
38746
38763
38780
38793
38806
38819
38828
38837
38852
38867
38882
38897
38906
38917
38934
38941
38948
38957
38972
38981
38990
39017
39038
39051
39064
39077
39094
39107
39122
39135
39146
39157
39184
39197
39208
39227
39238
39251
39270
39283
39298
39313
39326
39353
39364
39375
39394
39413
39430
39447
39466
39485
39504
39519
39530
39547
39562
39585
39598
39611
39626
39645
39658
39671
39698
39721
39740
39759
39776
39795
39816
39837
39856
39875
39892
39905
39930
39947
39962
39977
39992
40007
40022
40039
40056
40069
40082
40097
40122
40137
40154
40173
40192
40207
40220
40235
40250
40265
40278
40307
40314
40329
40342
40355
40370
40385
40400
40411
40430
40451
40480
40495
40518
40535
40560
40575
40588
40601
40610
40629
40644
40673
40688
40703
40718
40735
40754
40765
40780
40795
40810
40821
40836
40847
40866
40885
40902
40915
40930
40947
40966
40983
41000
41029
41052
41071
41096
41115
41132
41143
41158
41173
41194
41217
41228
41243
41262
41279
41306
41329
41350
41363
41378
41401
41420
41441
41462
41481
41502
41523
41542
41563
41580
41591
41612
41627
41652
41673
41692
41711
41724
41737
41752
41769
41786
41799
41814
41835
41852
41869
41882
41895
41914
41933
41954
41973
41990
42007
42022
42043
42056
42075
42090
42103
42116
42129
42144
42153
42170
42187
42208
42223
42238
42251
42264
42277
42296
42313
42328
42347
42362
42381
42396
42411
42426
42441
42458
42473
42484
42499
42516
42533
42556
42569
42588
42609
42622
42637
42652
42665
42678
42695
42714
42725
42742
42755
42768
42783
42796
42807
42818
42835
42852
42867
42884
42899
42912
42925
42940
42955
42968
42987
43010
43033
43052
43073
43086
43095
43104
43121
43134
43147
43162
43183
43196
43211
43236
43251
43266
43279
43290
43301
43318
43331
43346
43361
43376
43401
43408
43415
43422
43433
43446
43455
43464
43475
43488
43503
43528
43545
43560
43577
43594
43609
43622
43631
43640
43653
43666
43679
43704
43717
43728
43739
43754
43769
43784
43797
43806
43827
43838
43849
43866
43879
43890
43905
43916
43931
43942
43953
43968
43981
44008
44019
44030
44047
44066
44077
44088
44099
44110
44123
44130
44155
44162
44169
44188
44201
44212
44225
44234
44243
44250
44257
44282
44289
44296
44305
44314
44329
44336
44343
44350
44361
44372
44397
44404
44411
44420
44429
44438
44453
44462
44485
44510
44541
44556
44569
44582
44595
44608
44621
44634
44651
44664
44673
44684
44701
44712
44723
44732
44743
44772
44781
44790
44807
44816
44825
44848
44857
44866
44875
44884
44893
44902
44911
44920
44933
44942
44965
44974
44983
44992
45001
45010
45019
45028
45043
45050
45063
45076
45097
45116
45129
45144
45159
45170
45181
45192
45203
45216
45235
45256
45269
45282
45293
45304
45319
45336
45353
45368
45383
45394
45413
45424
45437
45452
45467
45480
45489
45500
45511
45520
45535
45554
45569
45576
45583
45598
45613
45628
45639
45650
45667
45682
45703
45720
45735
45750
45763
45784
45797
45810
45825
45838
45853
45872
45885
45900
45913
45928
45943
45958
45977
45992
46013
46026
46045
46056
46071
46088
46103
46112
46121
46138
46149
46164
46175
46190
46205
46212
46227
46242
46255
46274
46285
46302
46315
46330
46351
46366
46379
46392
46405
46418
46431
46444
46457
46470
46483
46502
46515
46532
46551
46566
46581
46594
46609
46622
46633
46646
46665
46684
46697
46708
46721
46734
46747
46758
46769
46780
46789
46800
46821
46834
46845
46856
46865
46874
46889
46896
46911
46924
46939
46958
46971
46990
47003
47018
47033
47046
47061
47078
47093
47110
47121
47134
47149
47170
47185
47214
47235
47256
47271
47292
47305
47324
47339
47354
47367
47382
47397
47408
47425
47442
47457
47472
47491
47504
47517
47538
47551
47562
47583
47594
47609
47622
47639
47658
47675
47688
47707
47726
47745
47758
47779
47800
47815
47828
47849
47866
47883
47898
47913
47930
47947
47962
47975
47990
48003
48024
48037
48050
48061
48072
48085
48098
48115
48128
48145
48158
48179
48196
48215
48230
48243
48256
48277
48290
48311
48328
48349
48364
48375
48388
48409
48424
48439
48458
48485
48502
48515
48536
48549
48570
48587
48604
48617
48630
48647
48664
48677
48694
48707
48722
48743
48750
48765
48772
48779
48786
48793
48800
48807
48820
48835
48856
48875
48894
48911
48928
48947
48956
48971
48980
48991
49000
49017
49036
49053
49072
49081
49098
49113
49132
49149
49164
49181
49198
49217
49238
49255
49276
49291
49304
49317
49334
49349
49372
49393
49408
49419
49432
49447
49462
49473
49488
49505
49522
49537
49558
49569
49590
49609
49628
49641
49654
49671
49686
49703
49716
49737
49756
49777
49798
49813
49832
49849
49866
49885
49900
49917
49938
49953
49968
49983
50000
50011
50032
50053
50068
50085
50100
50115
50136
50151
50166
50181
50200
50215
50230
50245
50258
50273
50288
50309
50324
50339
50356
50369
50382
50395
50406
50415
50428
50441
50462
50477
50494
50507
50522
50537
50550
50567
50580
50591
50610
50631
50638
50647
50660
50669
50678
50687
50700
50715
50730
50739
50768
50775
50788
50797
50812
50823
50832
50847
50860
50873
50884
50917
50930
50943
50958
50973
50984
50997
51020
51027
51044
51053
51086
51099
51118
51131
51140
51153
51174
51187
51202
51233
51252
51283
51292
51303
51316
51325
51340
51353
51370
51387
51408
51423
51438
51451
51462
51477
51492
51499
51506
51513
51520
51527
51534
51545
51552
51559
51566
51573
51588
51595
51604
51619
51634
52165
52182
52211
52220
52229
52248
52271
52280
52293
52298
52309
52318
52335
52362
52377
52396
52421
52442
52457
52468
52489
52502
52519
52536
52563
52576
52587
52598
52611
52628
52637
52646
52659
52672
52683
52710
52723
52736
52749
52758
52771
52788
52807
52834
52847
52862
52889
52906
52933
52946
52959
52978
52993
53006
53027
53038
53055
53082
53097
53112
53127
53134
53141
53152
53159
53168
53177
53188
53217
53236
53249
53270
53283
53302
53323
53338
53355
53366
53375
53402
53421
53442
53457
53466
53473
53488
53505
53516
53531
53542
53569
53582
53601
53612
53619
53634
53649
53664
53679
53694
53709
53724
53731
53746
53771
53790
53819
53842
53857
53862
53873
53892
53907
53922
53947
53964
53977
54002
54021
54034
54045
54052
54061
54078
54085
54110
54125
54140
54155
54168
54185
54198
54215
54228
54235
54252
54279
54298
54313
54328
54341
54356
54369
54384
54399
54412
54427
54446
54463
54484
54499
54516
54525
54538
54555
54570
54583
54604
54623
54632
54645
54660
54673
54684
54691
54700
54715
54730
54743
54762
54777
54792
54807
54822
54831
54840
54847
54858
54875
54890
54901
54916
54929
54946
54961
54972
54985
55000
55013
55032
55041
55058
55085
55094
55109
55118
55133
55150
55167
55184
55195
55204
55223
55232
55259
55268
55277
55286
55299
55314
55335
55348
55369
55388
55405
55420
55437
55450
55471
55496
55523
55540
55555
55584
55599
55614
55641
55668
55683
55706
55729
55756
55775
55812
55825
55852
55869
55890
55915
55940
55955
55964
55987
56000
56015
56032
56065
56086
56105
56130
56155
56176
56191
56208
56227
56238
56251
56278
56297
56316
56337
56364
56389
56412
56427
56444
56473
56498
56525
56544
56573
56594
56619
56636
56649
56662
56675
56688
56703
56722
56741
56756
56769
56792
56815
56830
56845
56858
56869
56892
56913
56932
56951
56970
56987
57002
57025
57034
57057
57084
57111
57148
57165
57186
57207
57234
57259
57272
57291
57302
57331
57342
57353
57372
57389
57398
57405
57420
57433
57444
57451
57458
57471
57480
57491
57502
57519
57530
57545
57562
57569
57576
57587
57600
57611
57628
57645
57656
57669
57684
57697
57716
57725
57736
57749
57760
57783
57798
57811
57820
57829
57842
57851
57876
57893
57898
57913
57928
57949
57964
57979
57988
57997
58016
58027
58042
58053
58068
58083
58104
58119
58130
58143
58162
58173
58194
58207
58226
58241
58258
58279
58300
58321
58336
58351
58362
58373
58394
58409
58424
58439
58464
58479
58496
58513
58528
58543
58560
58577
58594
58607
58628
58653
58674
58693
58712
58729
58746
58757
58768
58783
58798
58813
58840
58855
58870
58887
58904
58921
58938
58955
58972
58989
59008
59035
59048
59063
59076
59099
59112
59127
59142
59155
59170
59181
59208
59227
59244
59259
59274
59291
59302
59313
59328
59337
59346
59363
59374
59387
59402
59419
59434
59445
59458
59473
59488
59501
59514
59539
59552
59569
59586
59607
59622
59637
59648
59665
59682
59689
59708
59717
59734
59745
59754
59769
59784
59817
59828
59837
59846
59863
59874
59885
59898
59909
59920
59933
59952
59963
59974
59989
60014
60029
60042
60055
60064
60079
60094
60107
60120
60133
60146
60167
60180
60197
60214
60223
60232
60241
60250
60265
60278
60295
60320
60339
60348
60359
60372
60389
60402
60417
60428
60445
60460
60485
60502
60515
60528
60541
60552
60565
60580
60587
60598
60611
60636
60655
60670
60679
60688
60701
60718
60733
60760
60769
60774
60799
60818
60837
60850
60857
60872
60885
60896
60903
60910
60923
60938
60949
60958
60973
60986
61003
61018
61033
61054
61061
61072
61093
61118
61143
61162
61177
61190
61199
61210
61221
61228
61237
61250
61271
61284
61295
61308
61321
61332
61351
61366
61379
61398
61415
61432
61447
61462
61505
61512
61525
61536
61553
61572
61587
61600
61617
61632
61639
61668
61689
61700
61707
61718
61727
61734
61741
61766
61781
61792
61811
61826
61839
61854
61871
61884
61897
61918
61929
61960
61985
62014
62033
62054
62067
62080
62093
62106
62125
62146
62159
62174
62195
62210
62225
62242
62263
62274
62299
62316
62341
62358
62373
62382
62397
62414
62433
62448
62469
62484
62493
62518
62525
62538
62549
62558
62573
62584
62593
62602
62613
62620
62635
62660
62671
62678
62699
62712
62727
62746
62761
62768
62775
62788
62813
62828
62841
62854
62871
62886
62897
62912
62925
62934
62947
62974
62985
63000
63013
63026
63041
63056
63071
63080
63095
63108
63135
63150
63165
63182
63197
63212
63227
63236
63249
63264
63283
63294
63309
63324
63347
63356
63375
63392
63405
63420
63435
63446
63463
63478
63489
63500
63511
63520
63529
63538
63551
63562
63573
63600
63611
63620
63635
63650
63659
63668
63689
63702
63715
63728
63753
63766
63779
63792
63801
63812
63821
63834
63847
63864
63879
63906
63921
63938
63953
63966
63975
63984
63997
64012
64021
64032
64051
64066
64081
64092
64103
64118
64133
64146
64155
64172
64191
64210
64233
64246
64257
64272
64285
64292
64299
64306
64317
64328
64335
64358
64365
64374
64383
64398
64407
64416
64429
64442
64455
64464
64475
64486
64497
64508
64517
64532
64543
64552
64561
64570
64579
64604
64613
64622
64631
64640
64651
64668
64679
64690
64705
64716
64739
64752
64759
64766
64777
64794
64807
64824
64839
64852
64873
64898
64909
64918
64933
64946
64959
64968
64981
64994
65009
65026
65043
65058
65073
65086
65103
65118
65125
65134
65143
65156
65169
65192
65207
65218
65227
65236
65249
65262
65277
65292
65315
65330
65345
65352
65361
65380
65389
65398
65413
65426
65443
65460
65481
65502
65517
65532
65545
65556
65571
65578
65593
66124
66143
66154
66177
66196
66207
66222
66239
66248
66259
66270
66279
66288
66301
66316
66327
66334
66341
66352
66369
66376
66385
66394
66405
66420
66433
66452
66473
66486
66505
66526
66541
66556
66573
66584
66593
66614
66629
66644
66653
66664
66677
66692
66707
66714
66733
66738
66757
66776
66795
66806
66813
66830
66837
66852
66867
66882
66895
66912
66931
66944
66961
66974
66981
66990
67003
67016
67037
67052
67065
67084
67101
67114
67129
67146
67161
67174
67187
67204
67225
67240
67257
67272
67289
67310
67335
67346
67353
67364
67377
67390
67403
67420
67433
67448
67457
67470
67485
67502
67511
67518
67533
67544
67561
67572
67583
67590
67599
67612
67631
67648
67663
67672
67679
67696
67717
67736
67751
67768
67785
67794
67807
67828
67843
67852
67869
67890
67909
67926
67935
67950
67971
67988
68003
68016
68031
68048
68069
68078
68095
68104
68119
68134
68143
68160
68171
68182
68197
68218
68233
68248
68263
68278
68297
68316
68337
68352
68361
68372
68383
68390
68397
68412
68427
68442
68457
68472
68487
68502
68517
68532
68547
68562
68577
68592
68607
68622
68639
68654
68669
68684
68703
68718
68733
68748
68763
68778
68793
68808
68821
68838
68857
68872
68887
68914
68931
68958
68969
68990
69001
69014
69027
69040
69057
69066
69077
69090
69099
69108
69121
69134
69147
69164
69171
69190
69205
69218
69233
69248
69267
69280
69295
69316
69331
69352
69365
69384
69397
69410
69429
69442
69459
69476
69487
69500
69511
69524
69543
69556
69571
69588
69603
69616
69629
69642
69655
69668
69681
69692
69705
69722
69739
69750
69767
69780
69793
69808
69817
69832
69849
69862
69873
69888
69901
69912
69927
69946
69957
69968
69981
69996
70011
70022
70033
70054
70067
70082
70095
70110
70125
70140
70151
70162
70177
70190
70203
70216
70223
70232
70255
70272
70297
70316
70331
70346
70361
70376
70389
70404
70419
70432
70447
70462
70477
70492
70507
70522
70535
70552
70571
70598
70613
70630
70649
70668
70691
70706
70727
70744
70761
70788
70801
70814
70823
70838
70855
70868
70881
70890
70899
70916
70929
70944
70957
70972
70981
70996
71011
71030
71039
71056
71071
71086
71103
71118
71127
71140
71161
71174
71193
71206
71221
71232
71251
71264
71277
71294
71305
71326
71341
71358
71371
71386
71397
71416
71431
71442
71455
71470
71491
71508
71531
71546
71559
71572
71585
71600
71615
71628
71643
71666
71681
71708
71723
71736
71751
71774
71791
71800
71813
71826
71839
71852
71879
71892
71907
71920
71935
71950
71969
71988
72003
72020
72033
72044
72061
72084
72097
72112
72135
72152
72167
72180
72195
72210
72237
72250
72271
72286
72301
72314
72329
72344
72359
72374
72389
72408
72425
72446
72461
72472
72483
72498
72511
72524
72543
72558
72581
72596
72613
72628
72645
72654
72665
72684
72709
72742
72759
72778
72795
72810
72825
72854
72871
72880
72905
72934
72953
72964
72979
72990
73011
73030
73045
73062
73079
73096
73125
73154
73185
73212
73235
73262
73291
73316
73335
73346
73371
73402
73423
73444
73475
73494
73523
73546
73561
73582
73599
73612
73629
73644
73665
73684
73707
73726
73743
73772
73801
73828
73841
73870
73893
73920
73945
73968
73993
74020
74047
74074
74099
74128
74143
74170
74197
74222
74245
74272
74299
74326
74353
74380
74407
74434
74451
74470
74497
74516
74543
74566
74581
74608
74625
74652
74669
74692
74707
74726
74749
74766
74783
74806
74827
74854
74883
74910
74939
74962
74985
75008
75033
75052
75079
75098
75115
75138
75161
75186
75211
75236
75251
75262
75301
75326
75349
75376
75389
75404
75415
75434
75459
75474
75493
75514
75531
75546
75563
75580
75599
75616
75633
75652
75671
75694
75711
75730
75745
75760
75777
75794
75811
75830
75863
75890
75913
75922
75943
75962
75983
76008
76019
76048
76075
76102
76129
76160
76187
76214
76241
76268
76289
76316
76341
76366
76393
76420
76441
76468
76495
76520
76547
76574
76589
76614
76641
76670
76697
76714
76737
76768
76795
76824
76849
76880
76895
76920
76945
76970
76989
77006
77029
77052
77069
77096
77123
77140
77153
77180
77197
77216
77233
77250
77267
77292
77313
77332
77355
77382
77403
77430
77449
77464
77483
77522
77549
77576
77599
77622
77635
77654
77677
77696
77715
77730
77743
77766
77783
77812
77827
77844
77865
77884
77907
77930
77945
77966
77983
77998
78029
78050
78069
78084
78099
78120
78137
78166
78181
78194
78215
78226
78249
78272
78289
78312
78327
78344
78363
78382
78397
78410
78421
78438
78453
78476
78487
78516
78535
78554
78565
78594
78609
78632
78647
78680
78709
78738
78761
78780
78807
78830
78857
78872
78887
78916
78941
78954
78981
79004
79023
79048
79059
79074
79101
79122
79149
79176
79195
79218
79241
79252
79265
79284
79303
79322
79337
79358
79373
79386
79403
79420
79439
79454
79469
79486
79499
79514
79529
79540
79557
79574
79585
79606
79615
79628
79637
79648
79665
79672
79683
79694
79707
79720
79735
79758
79767
79780
79799
79814
79843
79866
79885
79904
79919
79936
79959
79970
79985
79998
80019
80032
80047
80070
80093
80112
80137
80160
80179
80200
80215
80230
80251
80264
80279
80292
80305
80318
80335
80350
80365
80382
80395
80410
80423
80440
80457
80474
80485
80508
80523
80532
80549
80562
80577
80592
80609
80628
80643
80656
80667
80682
80695
80708
80723
80738
80753
80766
80781
80796
80811
80834
80849
80864
80879
80894
80909
80924
80939
80954
80971
80986
81011
81026
81041
81056
81071
81086
81101
81116
81131
81148
81161
81186
81197
81218
81233
81246
81259
81274
81289
81308
81327
81344
81369
81382
81395
81406
81421
81436
81451
81466
81481
81500
81515
81532
81543
81554
81565
81576
81589
81600
81619
81632
81643
81660
81685
81710
81721
81736
81749
81764
81777
81790
81801
81814
81827
81844
81863
81876
81889
81904
81917
81936
81949
81962
81975
81988
82003
82024
82035
82050
82063
82080
82095
82108
82123
82138
82151
82166
82191
82206
82223
82232
82249
82262
82275
82290
82301
82310
82323
82340
82353
82364
82377
82390
82401
82414
82425
82438
82451
82462
82481
82492
82505
82512
82521
82542
82551
82576
82585
82594
82609
82628
82637
82646
82655
82674
82687
82706
82723
82732
82741
82750
82771
82780
82789
82798
82813
82828
82845
82866
82881
82898
82913
82930
82939
82948
82959
82970
82981
82992
82999
83006
83021
83036
83055
83072
83079
83086
83099
83112
83125
83138
83147
83156
83175
83188
83209
83230
83251
83276
83301
83310
83319
83336
83351
83366
83381
83402
83415
83430
83453
83468
83475
83482
83489
83496
83513
83530
83551
83568
83581
83598
83613
83628
83639
83652
83667
83694
83721
83742
83757
83772
83787
83802
83815
83830
83843
83860
83877
83896
83917
83934
83955
83978
83991
84008
84031
84056
84073
84084
84095
84112
84129
84146
84159
84176
84187
84212
84231
84250
84265
84282
84303
84318
84335
84358
84381
84394
84405
84428
84447
84462
84477
84488
84513
84540
84563
84590
84617
84640
84659
84670
84691
84704
84725
84738
84751
84766
84781
84802
84821
84838
84853
84864
84877
84896
84921
84940
84967
84978
84993
85004
85015
85026
85041
85056
85069
85098
85115
85132
85149
85166
85183
85198
85215
85234
85249
85262
85291
85302
85317
85332
85359
85386
85401
85428
85455
85474
85495
85522
85541
85552
85577
85606
85625
85650
85669
85684
85707
85730
85741
85754
85775
85792
85807
85826
85843
85862
85875
85888
85905
85926
85943
85962
85981
85998
86011
86024
86037
86050
86063
86080
86105
86120
86135
86144
86153
86172
86181
86190
86205
86214
86223
86238
86247
86256
86265
86274
86283
86302
86311
86320
86329
86338
86363
86372
86381
86396
86411
86432
86445
86460
86473
86490
86503
86526
86539
86552
86565
86582
86597
86612
86627
86646
86661
86676
86701
86712
86727
86742
86759
86776
86789
86804
86819
86834
86849
86862
86887
86902
86919
86936
86951
86964
86977
86990
87009
87028
87047
87074
87085
87106
87127
87146
87167
87188
87203
87222
87237
87260
87295
87306
87319
87340
87355
87364
87371
87386
87401
87416
87431
87460
87475
87490
87501
87516
87531
87556
87581
87600
87619
87642
87671
87694
87713
87732
87747
87776
87805
87812
87831
87852
87865
87894
87907
87928
87943
87962
87975
87994
88015
88030
88047
88072
88101
88116
88135
88152
88169
88186
88201
88218
88225
88234
88255
88270
88285
88298
88309
88324
88341
88362
88377
88398
88413
88432
88453
88468
88481
88496
88517
88534
88551
88570
88583
88602
88619
88634
88657
88672
88687
88702
88717
88732
88747
88762
88777
88792
88805
88824
88839
88854
88875
88894
88915
88930
88949
88968
88981
88994
89011
89026
89041
89056
89071
89080
89087
89094
89109
89130
89145
89156
89171
89186
89195
89216
89239
89248
89257
89272
89279
89286
89305
89312
89319
89332
89351
89372
89391
89410
89429
89440
89457
89480
89501
89516
89533
89550
89563
89578
89591
89608
89623
89642
89661
89676
89683
89690
89697
89712
89719
89738
89751
89764
89781
89796
89809
89822
89835
89850
89861
89874
89885
89900
89915
89928
89943
89956
89971
89992
90005
90014
90029
90044
90059
90074
90093
90108
90127
90152
90177
90194
90211
90232
90253
90266
90287
90308
90327
90342
90359
90374
90389
90404
90419
90434
90449
90462
90481
90494
90511
90532
90547
90558
90571
90582
90595
90618
90633
90650
90665
90678
90697
90710
90723
90738
90751
90760
90773
90788
90799
90816
90829
90850
90865
90884
90897
90912
90931
90950
90969
90988
91007
91022
91041
91060
91075
91090
91105
91124
91143
91158
91173
91184
91201
91226
91245
91266
91283
91300
91315
91332
91343
91360
91373
91384
91399
91410
91419
91428
91443
91454
91471
91484
91499
91510
91523
91546
91557
91572
91583
91592
91613
91636
91653
91668
91687
91702
91723
91740
91757
91772
91793
91810
91827
91848
91863
91880
91897
91914
91933
91948
91963
91982
91997
92008
92021
92040
92055
92070
92091
92106
92125
92142
92155
92166
92181
92200
92217
92230
92247
92262
92281
92292
92305
92316
92333
92346
92359
92372
92393
92412
92427
92452
92467
92480
92495
92508
92523
92538
92551
92564
92577
92590
92613
92630
92645
92666
92679
92700
92713
92738
92755
92766
92777
92806
92821
92840
92857
92878
92893
92912
92953
92968
92983
93002
93023
93042
93061
93080
93095
93110
93123
93138
93153
93166
93183
93206
93223
93234
93251
93268
93285
93300
93317
93338
93357
93378
93397
93416
93435
93452
93471
93492
93509
93522
93539
93558
93573
93598
93617
93636
93655
93672
93691
93704
93721
93734
93753
93768
93791
93816
93833
93850
93867
93886
93903
93916
93933
93946
93961
93984
94007
94022
94037
94058
94073
94092
94103
94114
94125
94136
94149
94168
94181
94192
94205
94216
94229
94242
94259
94272
94287
94300
94319
94332
94353
94368
94385
94400
94415
94430
94447
94466
94483
94504
94519
94538
94557
94574
94589
94612
94629
94648
94661
94676
94693
94712
94733
94750
94765
94784
94801
94814
94827
94848
94863
94878
94895
94910
94927
94942
94957
94972
94989
95004
95021
95038
95055
95076
95093
95108
95127
95146
95159
95176
95191
95208
95223
95240
95259
95274
95293
95308
95329
95348
95359
95374
95393
95408
95425
95444
95459
95478
95493
95510
95523
95538
95549
95568
95581
95598
95613
95632
95647
95664
95679
95696
95715
95730
95743
95762
95777
95794
95809
95828
95843
95862
95879
95894
95907
95918
95931
95942
95961
95980
95995
96010
96029
96046
96061
96080
96095
96114
96129
96146
96159
96178
96193
96212
96227
96242
96257
96276
96291
96310
96327
96342
96357
96376
96391
96408
96423
96442
96457
96472
96493
96510
96525
96538
96551
96566
96581
96600
96619
96634
96651
96666
96669
96690
96709
96724
96739
96756
96773
96790
96809
96828
96847
96864
96883
96902
96919
96934
96953
96970
96989
97004
97023
97038
97055
97070
97089
97106
97123
97142
97157
97174
97189
97204
97223
97240
97253
97270
97287
97302
97317
97338
97355
97372
97389
97406
97423
97442
97457
97474
97495
97512
97527
97542
97561
97576
97591
97614
97619
97634
97655
97670
97687
97702
97717
97732
97751
97766
97781
97794
97809
97830
97845
97864
97887
97902
97921
97938
97951
97968
97987
98002
98023
98040
98055
98072
98091
98106
98121
98136
98155
98172
98189
98204
98219
98230
98245
98258
98271
98284
98297
98306
98323
98338
98355
98376
98389
98402
98417
98432
98445
98464
98479
98502
98521
98534
98553
98574
98593
98614
98637
98662
98681
98704
98723
98736
98759
98768
98787
98800
98817
98842
98865
98880
98885
98906
98921
98938
98953
98972
98991
99000
99017
99032
99047
99064
99087
99108
99121
99140
99157
99170
99183
99200
99217
99234
99249
99272
99283
99298
99315
99330
99349
99364
99375
99390
99409
99416
99433
99452
99469
99486
99503
99520
99539
99556
99571
99586
99597
99616
99631
99646
99661
99676
99689
99700
99717
99732
99747
99762
99779
99798
99811
99834
99859
99886
99907
99932
99959
99982
100001
100020
100037
100054
100067
100082
100099
100124
100141
100156
100171
100192
100213
100232
100253
100276
100299
100314
100337
100352
100363
100388
100409
100436
100465
100488
100509
100524
100537
100554
100573
100592
100607
100624
100635
100662
100673
100684
100703
100718
100731
100752
100767
100782
100801
100818
100835
100852
100867
100884
100903
100922
100937
100952
100971
100992
101013
101032
101051
101072
101093
101110
101117
101132
101143
101158
101177
101190
101205
101220
101229
101244
101259
101272
101287
101306
101329
101346
101375
101396
101417
101438
101461
101486
101495
101504
101521
101536
101545
101556
101577
101600
101615
101628
101643
101662
101679
101700
101719
101742
101763
101782
101805
101820
101837
101854
101871
101894
101913
101936
101953
101978
101997
102022
102039
102054
102077
102096
102115
102134
102147
102164
102183
102196
102213
102228
102251
102264
102279
102296
102313
102334
102351
102370
102387
102408
102423
102440
102451
102472
102483
102496
102509
102528
102547
102560
102581
102596
102615
102630
102645
102666
102683
102698
102723
102740
102757
102774
102783
102798
102809
102820
102835
102852
102867
102890
102903
102918
102933
102948
102959
102974
102991
102998
103013
103032
103045
103052
103063
103084
103093
103102
103113
103122
103131
103140
103151
103164
103179
103194
103213
103230
103245
103260
103275
103290
103307
103322
103337
103352
103369
103386
103403
103420
103433
103452
103471
103486
103499
103510
103525
103546
103567
103584
103601
103616
103633
103648
103671
103686
103713
103728
103745
103766
103783
103800
103815
103822
103839
103854
103865
103882
103893
103906
103921
103938
103955
103964
103979
103992
104007
104020
104033
104052
104065
104086
104105
104126
104149
104164
104179
104198
104217
104236
104253
104272
104291
104308
104323
104334
104349
104366
104381
104394
104409
104430
104449
104468
104485
104498
104513
104522
104535
104548
104567
104580
104593
104606
104619
104634
104645
104658
104673
104684
104695
104704
104723
104730
104741
104752
104769
104780
104793
104802
104817
104832
104847
104860
104875
104896
104911
104926
104943
104956
104969
104986
104999
105016
105029
105044
105059
105072
105087
105102
105115
105128
105137
105150
105165
105180
105195
105214
105233
105256
105275
105290
105307
105324
105341
105354
105371
105380
105397
105416
105433
105450
105463
105478
105487
105496
105507
105520
105533
105550
105575
105588
105607
105618
105635
105650
105667
105686
105701
105714
105729
105746
105761
105776
105791
105802
105819
105840
105861
105874
105889
105920
105939
105952
105967
105986
106001
106016
106035
106048
106063
106072
106087
106094
106109
106124
106137
106152
106171
106190
106209
106224
106243
106252
106265
106280
106301
106316
106329
106342
106361
106374
106387
106406
106419
106432
106445
106462
106477
106492
106517
106538
106559
106580
106599
106614
106623
106638
106651
106674
106681
106700
106709
106722
106735
106748
106765
106776
106791
106808
106825
106846
106859
106876
106891
106904
106917
106934
106951
106966
106979
106994
107007
107020
107033
107046
107059
107072
107085
107098
107121
107134
107151
107166
107177
107194
107209
107226
107243
107256
107271
107290
107307
107324
107339
107354
107367
107384
107401
107416
107429
107444
107457
107472
107487
107508
107523
107536
107549
107564
107583
107602
107615
107630
107651
107666
107695
107716
107737
107752
107771
107792
107805
107820
107835
107848
107863
107878
107889
107906
107923
107940
107953
107968
107983
107998
108011
108028
108041
108054
108067
108082
108093
108108
108121
108136
108155
108166
108181
108188
108201
108218
108231
108244
108267
108282
108303
108314
108325
108344
108361
108378
108391
108404
108417
108430
108447
108464
108477
108490
108505
108518
108545
108564
108579
108600
108615
108628
108649
108662
108673
108688
108703
108720
108739
108752
108769
108786
108799
108818
108837
108850
108873
108894
108915
108928
108939
108948
108955
108970
108985
108996
109009
109022
109031
109046
109055
109064
109083
109092
109101
109114
109131
109148
109163
109174
109189
109206
109221
109236
109249
109262
109283
109296
109309
109322
109333
109348
109361
109376
109389
109404
109417
109432
109451
109468
109483
109498
109513
109528
109535
109542
109557
109564
109577
109584
109599
109606
109619
109634
109649
109666
109681
109698
109705
109716
109729
109740
109751
109762
109777
109790
109811
109832
109843
109856
109869
109884
109901
109918
109935
109956
109971
109986
110003
110018
110025
110044
110059
110074
110091
110106
110127
110142
110157
110172
110181
110196
110209
110222
110237
110252
110263
110276
110291
110306
110321
110338
110351
110364
110383
110396
110413
110426
110437
110458
110471
110484
110499
110514
110529
110548
110567
110586
110605
110624
110639
110658
110677
110692
110707
110718
110733
110748
110765
110780
110797
110812
110833
110848
110861
110874
110889
110902
110915
110928
110941
110956
110971
110992
111011
111030
111051
111072
111091
111108
111121
111134
111147
111162
111171
111186
111201
111210
111225
111236
111253
111264
111275
111282
111297
111304
111313
111328
111341
111354
111367
111380
111409
111422
111435
111450
111463
111476
111491
111504
111515
111526
111539
111550
111581
111600
111615
111630
111641
111654
111667
111680
111695
111710
111723
111734
111745
111760
111775
111794
111813
111824
111841
111858
111877
111896
111909
111920
111935
111950
111963
111978
111995
112014
112029
112052
112065
112078
112093
112112
112127
112154
112169
112188
112207
112226
112245
112262
112279
112298
112317
112334
112355
112376
112391
112404
112423
112442
112459
112476
112491
112506
112521
112536
112551
112566
112583
112596
112613
112626
112639
112656
112675
112690
112709
112728
112743
112756
112773
112788
112803
112820
112835
112848
112863
112876
112887
112900
112917
112930
112947
112962
112981
112994
113009
113024
113039
113054
113067
113074
113089
113104
113119
113132
113143
113162
113177
113198
113213
113236
113261
113276
113289
113308
113323
113336
113351
113368
113383
113398
113413
113432
113451
113466
113481
113496
113515
113534
113549
113564
113583
113600
113615
113632
113651
113666
113673
113690
113707
113730
113745
113760
113779
113804
113823
113840
113855
113870
113891
113914
113929
113944
113963
113980
113997
114024
114047
114068
114083
114106
114125
114146
114161
114180
114201
114216
114237
114256
114277
114294
114315
114330
114351
114368
114387
114406
114419
114432
114449
114462
114477
114494
114511
114528
114543
114560
114573
114586
114605
114624
114639
114660
114681
114700
114717
114732
114749
114768
114783
114798
114811
114824
114839
114852
114867
114884
114899
114916
114931
114944
114959
114974
114993
115010
115027
115042
115061
115076
115091
115106
115121
115136
115153
115168
115189
115206
115223
115244
115263
115278
115289
115304
115317
115334
115347
115366
115387
115402
115415
115438
115453
115466
115483
115502
115519
115532
115545
115564
115575
115590
115603
115618
115641
115654
115675
115688
115709
115726
115739
115760
115775
115790
115805
115824
115837
115864
115881
115892
115903
115920
115935
115960
115973
115988
116003
116018
116031
116050
116073
116096
116115
116128
116145
116158
116173
116186
116207
116220
116237
116252
116267
116282
116297
116308
116319
116336
116353
116366
116381
116396
116411
116426
116433
116440
116447
116454
116469
116480
116493
116502
116517
116534
116549
116564
116581
116598
116613
116628
116639
116652
116661
116670
116691
116708
116723
116736
116751
116764
116779
116800
116813
116830
116843
116856
116873
116890
116903
116922
116939
116960
116975
116988
117003
117018
117033
117054
117065
117082
117093
117108
117125
117140
117151
117166
117177
117188
117201
117212
117223
117238
117249
117260
117275
117288
117299
117310
117323
117330
117337
117344
117351
117358
117365
117380
117387
117402
117409
117416
117435
117454
117467
117482
117489
117496
117511
117518
117525
117546
117555
117564
117571
117578
117585
117592
117601
117616
117625
117640
117663
117676
117701
117732
117743
117758
117771
117784
117799
117812
117825
117854
117863
117878
117887
117896
117905
117914
117923
117940
117949
117958
117967
117976
117985
118004
118019
118028
118037
118046
118061
118070
118085
118092
118107
118114
118133
118152
118165
118178
118191
118202
118217
118232
118247
118262
118273
118284
118297
118316
118335
118346
118365
118376
118391
118408
118425
118440
118455
118470
118481
118496
118509
118522
118533
118542
118553
118564
118573
118588
118603
118618
118633
118660
118671
118682
118699
118710
118727
118742
118757
118772
118795
118808
118821
118836
118839
118852
118863
118878
118891
118906
118921
118940
118955
118968
118981
118986
118999
119012
119027
119040
119055
119070
119087
119102
119117
119126
119135
119146
119157
119172
119189
119196
119211
119226
119239
119258
119269
119278
119291
119304
119319
119330
119343
119358
119371
119384
119397
119410
119425
119440
119453
119466
119479
119492
119507
119520
119533
119546
119561
119594
119611
119630
119645
119658
119673
119688
119705
119716
119731
119744
119753
119770
119789
119802
119817
119842
119853
119864
119877
119890
119901
119924
119933
119946
119959
119972
119983
119998
120015
120022
120037
120050
120063
120072
120087
120100
120115
120130
120145
120158
120173
120190
120205
120222
120231
120246
120267
120282
120293
120306
120323
120340
120353
120364
120375
120384
120397
120418
120435
120444
120453
120466
120477
120490
120503
120516
120525
120534
120547
120560
120577
120590
120609
120636
120653
120680
120693
120702
120715
120734
120749
120770
120783
120804
120817
120828
120845
120860
120869
120884
120897
120912
120933
120952
120981
121002
121023
121038
121059
121068
121081
121096
121111
121124
121139
121160
121171
121188
121205
121220
121229
121244
121257
121270
121291
121304
121315
121330
121341
121356
121369
121390
121407
121424
121437
121456
121475
121494
121507
121526
121547
121568
121595
121604
121619
121634
121647
121664
121681
121696
121711
121728
121745
121760
121769
121784
121799
121812
121825
121838
121849
121860
121873
121886
121903
121912
121925
121938
121951
121968
121987
122002
122015
122028
122049
122062
122071
122092
122105
122122
122135
122156
122171
122186
122205
122232
122249
122258
122271
122292
122307
122320
122337
122350
122363
122380
122397
122410
122419
122436
122449
122464
122477
122492
122499
122506
122521
122528
122535
122544
122559
122566
122581
122588
122603
122618
122625
122638
122653
122672
122681
122700
122719
122728
122743
122758
122771
122782
122797
122808
122827
122836
122845
122856
122865
122882
122899
122918
122935
122952
122967
122976
122985
122994
123009
123028
123037
123046
123061
123080
123093
123114
123133
123160
123183
123200
123215
123232
123251
123272
123289
123310
123325
123340
123355
123364
123377
123394
123409
123432
123447
123464
123481
123492
123505
123520
123529
123540
123549
123564
123579
123596
123607
123622
123639
123656
123673
123682
123697
123710
123721
123742
123761
123780
123793
123806
123823
123840
123849
123862
123881
123894
123915
123936
123951
123970
123987
124004
124023
124032
124049
124064
124079
124092
124107
124124
124139
124150
124165
124186
124199
124212
124233
124254
124269
124284
124301
124316
124331
124346
124365
124376
124391
124406
124421
124436
124451
124468
124481
124498
124511
124524
124537
124552
124571
124592
124609
124616
124635
124656
124667
124680
124699
124710
124721
124740
124749
124764
124777
124790
124803
124818
124831
124846
124867
124884
124889
124896
124909
124922
124935
124944
124963
124976
124985
124994
125003
125022
125037
125044
125051
125068
125081
125088
125095
125102
125109
125116
125131
125138
125145
125160
125179
125196
125209
125218
125237
125250
125263
125278
125293
125304
125317
125332
125341
125356
125367
125380
125397
125410
125425
125444
125455
125466
125479
125492
125513
125530
125543
125558
125589
125608
125627
125638
125651
125664
125677
125690
125703
125722
125735
125748
125765
125774
125785
125798
125807
125818
125831
125840
125855
125870
125885
125902
125917
125936
125957
125972
125981
125998
126007
126024
126041
126054
126067
126084
126101
126118
126135
126152
126169
126186
126203
126212
126221
126236
126249
126258
126267
126276
126285
126294
126303
126312
126321
126330
126351
126372
126381
126392
126401
126410
126419
126428
126437
126446
126455
126464
126479
126488
126497
126518
126531
126540
126549
126558
126567
126576
126585
126606
126615
126624
126633
126642
126655
126664
126673
126682
126691
126700
126717
126726
126735
126744
126753
126762
126775
126784
126793
126802
126811
126826
126835
126844
126853
126862
126871
126880
126897
126906
126915
126924
126939
126948
126957
126966
126975
126984
126993
127002
127019
127028
127037
127058
127067
127076
127085
127094
127103
127112
127121
127130
127147
127156
127173
127182
127191
127200
127209
127218
127227
127236
127245
127254
127271
127288
127297
127300
127303
127306
127309
127312
127315
127318
127321
127324
127347
127358
127361
127364
127373
127382
127391
127400
127409
127418
127427
127446
127461
127470
127485
127494
127503
127512
127521
127530
127539
127548
127557
127576
127585
127594
127611
127620
127629
127638
127647
127656
127665
127674
127687
127696
127705
127714
127727
127742
127761
127770
127779
127788
127797
127812
127821
127830
127839
127848
127857
127866
127883
127892
127901
127910
127923
127932
127941
127950
127959
127968
127977
127986
128003
128012
128021
128036
128045
128054
128063
128072
128081
128090
128099
128108
128125
128134
128155
128164
128173
128182
128191
128200
128209
128218
128227
128236
128253
128270
128279
128288
128297
128306
128315
128324
128333
128342
128351
128360
128383
128398
128407
128416
128425
128434
128443
128450
128457
128464
128471
128484
128491
128504
128511
128518
128525
128532
128539
128546
128553
128560
128583
128604
128611
128618
128637
128644
128651
128658
128665
128672
128679
128686
128699
128706
128713
128720
128735
128742
128749
128756
128763
128770
128777
128806
128813
128820
128827
128834
128849
128856
128863
128870
128877
128884
128909
128916
128923
128930
128937
128944
128959
128972
128979
128986
128993
129016
129023
129030
129037
129044
129051
129058
129065
129086
129093
129100
129115
129122
129129
129136
129143
129150
129157
129164
129171
129190
129197
129212
129219
129226
129233
129240
129247
129254
129261
129268
129275
129294
129309
129316
129323
129330
129337
129344
129351
129358
129365
129372
129379
129398
129423
129430
129437
129444
129451
129458
129465
129472
129479
129486
129495
129502
129527
129534
129541
129548
129555
129562
129569
129576
129583
129604
129617
129624
129631
129646
129653
129660
129667
129674
129681
129688
129695
129718
129725
129732
129739
129754
129761
129768
129775
129782
129789
129796
129811
129818
129825
129832
129839
129860
129867
129874
129881
129888
129895
129908
129915
129922
129929
129936
129943
129964
129971
129978
129985
129992
130003
130010
130017
130024
130031
130038
130045
130060
130075
130082
130089
130096
130103
130110
130117
130124
130131
130138
130145
130152
130167
130174
130183
130190
130197
130204
130211
130218
130225
130232
130239
130246
130273
130288
130295
130302
130309
130316
130323
130330
130337
130344
130351
130358
130371
130398
130405
130412
130419
130426
130433
130440
130447
130454
130461
130486
130493
130508
130515
130522
130529
130536
130543
130550
130557
130564
130583
130598
130605
130612
130627
130634
130641
130648
130655
130662
130669
130676
130701
130708
130715
130722
130737
130744
130751
130758
130765
130772
130779
130788
130795
130802
130809
130816
130831
130838
130845
130852
130859
130866
130877
130884
130891
130898
130905
130912
130927
130934
130941
130948
130955
130962
130969
130976
130983
130990
130997
131004
131019
131026
131033
131040
131053
131060
131067
131074
131081
131088
131095
131102
131119
131140
131147
131162
131169
131176
131183
131190
131197
131204
131211
131218
131225
131246
131255
131262
131269
131276
131283
131290
131297
131304
131311
131318
131325
131332
131349
131356
131363
131370
131377
131384
131391
131398
131405
131412
131433
131442
131459
131468
131477
131486
131495
131504
131513
131522
131531
131552
131563
131572
131581
131596
131605
131614
131623
131632
131641
131650
131659
131668
131677
131686
131695
131708
131717
131726
131735
131744
131753
131762
131769
131778
131787
131796
131805
131824
131833
131842
131851
131860
131869
131880
131889
131898
131907
131916
131925
131946
131955
131964
131973
131982
131993
132002
132011
132020
132029
132038
132047
132068
132077
132086
132095
132106
132115
132124
132133
132142
132151
132160
132169
132182
132191
132200
132213
132222
132231
132240
132249
132258
132267
132276
132285
132304
132319
132326
132335
132344
132353
132362
132371
132380
132389
132398
132407
132416
132425
132438
132447
132456
132473
132484
132491
132506
132519
132536
132553
132572
132585
132600
132613
132628
132641
132652
132667
132680
132693
132710
132731
132748
132761
132768
132785
132792
132799
132806
132813
132820
132841
132848
132863
132870
132877
132884
132891
132898
132905
132912
132919
132926
132941
132950
132957
132964
132971
132978
132985
132992
132999
133006
133013
133020
133027
133040
133047
133054
133061
133068
133075
133082
133089
133096
133103
133122
133129
133142
133149
133156
133163
133170
133177
133184
133191
133198
133213
133220
133227
133242
133249
133256
133263
133270
133277
133284
133291
133308
133315
133322
133329
133344
133351
133358
133365
133372
133379
133386
133409
133416
133423
133430
133437
133460
133479
133486
133493
133500
133507
133524
133531
133538
133545
133552
133559
133566
133585
133592
133599
133606
133621
133628
133635
133642
133649
133656
133663
133670
133683
133690
133697
133716
133725
133732
133739
133746
133753
133760
133767
133774
133781
133794
133801
133816
133823
133830
133837
133844
133851
133858
133865
133872
133881
133892
133901
133910
133919
133942
133951
133956
133967
133976
133993
134008
134023
134040
134051
134066
134081
134094
134111
134126
134141
134158
134173
134188
134207
134220
134231
134246
134257
134270
134285
134294
134303
134316
134329
134346
134359
134372
134383
134398
134413
134422
134437
134452
134463
134470
134479
134494
134511
134524
134539
134550
134561
134568
134583
134598
134613
134632
134647
134662
134677
134690
134719
134742
134757
134768
134785
134798
134819
134832
134851
134868
134877
134892
134905
134920
134933
134948
134963
134984
134997
135010
135025
135042
135057
135074
135093
135110
135125
135140
135159
135184
135199
135214
135235
135250
135265
135274
135283
135292
135299
135316
135325
135340
135359
135378
135387
135402
135421
135440
135447
135462
135467
135484
135491
135498
135503
135508
135519
135528
135535
135542
135557
135562
135579
135586
135595
135610
135633
135646
135659
135666
135673
135680
135693
135714
135723
135732
135739
135746
135749
135756
135769
135776
135785
135790
135799
135812
135819
135826
135841
135850
135861
135868
135881
135888
135897
135912
135921
135934
135941
135952
135963
135976
135987
135998
136009
136022
136031
136044
136063
136078
136087
136104
136115
136128
136137
136150
136159
136170
136179
136190
136199
136216
136231
136240
136251
136254
136263
136274
136303
136312
136321
136328
136335
136346
136361
136368
136377
136394
136403
136418
136437
136458
136467
136484
136497
136510
136521
136532
136547
136556
136565
136572
136595
136606
136621
136634
136643
136654
136665
136672
136687
136692
136701
136716
136723
136732
136739
136748
136753
136764
136777
136794
136813
136828
136849
136864
136879
136894
136909
136924
136939
136954
136969
136986
137001
137018
137033
137048
137063
137078
137093
137108
137123
137138
137153
137166
137191
137206
137221
137236
137251
137266
137281
137296
137311
137326
137341
137362
137375
137390
137405
137420
137435
137454
137467
137476
137491
137500
137509
137518
137525
137530
137539
137554
137559
137566
137573
137580
137587
137598
137603
137610
137615
137626
137631
137646
137665
137670
137677
137682
137691
137698
137705
137710
137717
137726
137745
137752
137759
137764
137769
137792
137809
137816
137823
137830
137835
137842
137857
137862
137867
137872
137877
137888
137893
137896
137901
137906
137921
137926
137929
137944
137959
137980
137995
138016
138029
138046
138059
138072
138093
138114
138131
138144
138159
138174
138191
138208
138223
138226
138239
138256
138275
138282
138297
138310
138331
138348
138361
138376
138389
138402
138413
138426
138439
138450
138463
138482
138495
138508
138521
138534
138547
138560
138573
138590
138609
138620
138639
138648
138659
138670
138689
138700
138711
138724
138737
138758
138771
138798
138811
138826
138837
138858
138871
138886
138901
138914
138929
138940
138961
138976
138991
139002
139017
139030
139043
139050
139059
139072
139091
139110
139129
139138
139147
139162
139171
139186
139203
139220
139237
139248
139279
139288
139299
139308
139331
139348
139373
139388
139401
139416
139429
139454
139471
139498
139509
139526
139545
139568
139589
139606
139623
