0
67
70
73
76
135
138
223
302
305
308
311
314
317
320
323
326
329
332
335
338
341
344
347
350
353
356
359
362
365
368
371
374
377
380
383
386
389
392
395
398
401
404
407
410
413
416
419
422
425
428
431
434
437
440
443
446
449
452
455
458
461
464
467
470
473
476
479
482
485
488
491
494
497
500
503
506
509
512
515
518
521
524
527
530
533
536
539
542
545
548
551
554
557
560
563
566
569
572
575
578
581
584
587
590
593
596
599
602
605
624
627
630
633
636
639
642
645
648
651
654
657
660
663
666
669
672
675
678
681
684
687
690
693
696
699
702
705
708
711
714
717
720
723
726
729
732
735
738
741
760
763
766
769
772
775
778
781
784
787
790
793
796
799
802
805
808
811
814
817
820
823
836
839
842
845
848
851
854
857
860
863
866
869
872
875
878
881
884
887
890
893
896
899
902
905
908
911
914
917
920
923
926
929
932
935
938
941
944
947
950
953
956
959
962
965
968
971
974
977
980
983
986
989
992
995
998
1001
1004
1007
1010
1013
1016
1019
1022
1025
1028
1031
1034
1037
1040
1043
1046
1049
1052
1055
1058
1061
1064
1067
1070
1073
1076
1079
1082
1085
1094
1097
1100
1103
1106
1109
1112
1115
1118
1121
1124
1127
1130
1133
1136
1139
1142
1145
1148
1151
1154
1157
1160
1163
1166
1169
1172
1175
1178
1181
1184
1187
1190
1193
1196
1215
1218
1221
1224
1227
1230
1233
1236
1239
1242
1245
1248
1251
1254
1257
1260
1263
1266
1269
1272
1275
1278
1281
1284
1287
1290
1293
1296
1299
1302
1305
1308
1311
1314
1317
1320
1323
1326
1329
1332
1335
1338
1341
1344
1347
1350
1353
1356
1359
1362
1365
1368
1371
1374
1377
1380
1383
1386
1389
1392
1395
1398
1401
1404
1407
1410
1413
1416
1419
1422
1425
1428
1431
1434
1437
1440
1443
1446
1449
1462
1465
1468
1471
1474
1477
1480
1483
1486
1489
1492
1495
1498
1501
1510
1513
1516
1519
1522
1525
1528
1531
1534
1537
1540
1543
1546
1549
1552
1555
1558
1561
1564
1567
1570
1573
1576
1579
1582
1585
1588
1591
1594
1597
1610
1613
1616
1619
1622
1625
1628
1631
1634
1637
1640
1643
1646
1649
1652
1655
1668
1671
1674
1677
1680
1683
1708
1711
1714
1717
1720
1723
1726
1729
1732
1735
1738
1741
1744
1747
1750
1753
1772
1791
1794
1797
1800
1803
1806
1819
1822
1825
1828
1831
1834
1837
1840
1843
1846
1849
1862
1865
1868
1871
1874
1877
1880
1883
1886
1889
1892
1905
1908
1911
1914
1917
1920
1923
1926
1929
1932
1935
1948
1951
1954
1957
1960
1963
1966
1969
1972
1975
1978
1993
1996
1999
2002
2005
2008
2037
2040
2043
2046
2049
2052
2055
2058
2061
2064
2067
2070
2073
2076
2079
2082
2085
2088
2091
2094
2097
2100
2103
2106
2135
2138
2141
2154
2157
2160
2163
2166
2169
2172
2175
2178
2181
2184
2197
2200
2203
2206
2209
2212
2225
2228
2231
2234
2237
2240
2253
2256
2259
2262
2265
2268
2271
2274
2277
2280
2283
2296
2299
2302
2305
2308
2311
2314
2317
2320
2323
2326
2329
2332
2335
2338
2341
2344
2347
2350
2363
2366
2369
2372
2375
2378
2381
2384
2387
2390
2393
2396
2399
2402
2405
2420
2423
2426
2429
2432
2435
2438
2441
2444
2447
2460
2463
2466
2469
2472
2475
2478
2481
2484
2487
2490
2503
2506
2509
2512
2515
2518
2521
2524
2527
2530
2533
2546
2549
2552
2555
2558
2561
2564
2567
2570
2573
2576
2579
2582
2585
2588
2591
2594
2597
2600
2603
2606
2609
2622
2625
2628
2631
2634
2637
2640
2643
2646
2649
2652
2655
2658
2661
2664
2667
2670
2681
2684
2687
2690
2693
2696
2699
2702
2705
2708
2711
2714
2717
2720
2723
2726
2729
2732
2735
2738
2747
2750
2753
2756
2759
2762
2765
2768
2771
2774
2777
2780
2783
2786
2789
2792
2795
2798
2801
2804
2807
2810
2813
2816
2819
2822
2825
2828
2831
2834
2837
2840
2843
2846
2849
2852
2855
2858
2861
2864
2867
2870
2873
2876
2879
2882
2885
2888
2891
2894
2897
2900
2903
2906
2909
2912
2915
2918
2921
2924
2927
2940
2943
2946
2949
2952
2955
2958
2961
2964
2967
2970
2973
2976
2979
2982
2985
2988
2991
2994
2997
3000
3003
3006
3009
3012
3015
3018
3021
3024
3027
3030
3033
3036
3039
3042
3045
3048
3051
3054
3057
3060
3063
3066
3069
3072
3075
3078
3081
3084
3087
3090
3093
3096
3099
3102
3105
3108
3111
3114
3117
3120
3123
3132
3135
3138
3141
3144
3147
3150
3153
3156
3159
3162
3165
3168
3171
3174
3177
3180
3183
3186
3189
3192
3195
3254
3313
3384
3387
3452
3519
3564
3567
3614
3617
3620
3623
3626
3629
3654
3657
3660
3663
3666
3669
3672
3675
3678
3681
3684
3687
3690
3693
3696
3699
3702
3709
3712
3715
3718
3721
3724
3727
3730
3733
3736
3739
3742
3745
3748
3751
3754
3757
3760
3763
3766
3769
3858
3861
3864
3867
3870
3873
3876
3879
3882
3885
3888
3891
3894
3897
3900
3903
3906
3909
3912
3915
3918
3921
3924
3927
3930
3933
3936
3939
3942
3945
3948
3951
3954
3957
3960
3963
3966
3969
3972
3975
3978
3981
3984
3987
3990
3993
3996
3999
4002
4011
4014
4017
4020
4023
4026
4029
4032
4035
4038
4041
4044
4047
4050
4053
4056
4059
4062
4065
4068
4071
4074
4077
4080
4083
4086
4089
4092
4095
4098
4101
4104
4107
4110
4113
4116
4119
4132
4161
4164
4167
4170
4173
4176
4179
4182
4185
4188
4191
4194
4197
4200
4203
4206
4209
4212
4215
4218
4221
4224
4227
4230
4233
4236
4239
4242
4245
4248
4251
4254
4257
4260
4263
4266
4269
4272
4275
4278
4281
4284
4287
4290
4293
4296
4299
4302
4305
4308
4311
4314
4317
4320
4323
4326
4329
4332
4335
4338
4357
4360
4363
4366
4369
4372
4375
4378
4381
4384
4387
4390
4393
4396
4399
4402
4405
4408
4411
4414
4417
4420
4423
4426
4429
4432
4441
4444
4447
4450
4453
4456
4459
4462
4465
4468
4471
4474
4477
4480
4483
4486
4489
4492
4495
4498
4501
4504
4507
4510
4513
4516
4519
4522
4525
4528
4531
4534
4537
4540
4543
4546
4549
4552
4557
4560
4563
4566
4569
4572
4575
4578
4581
4584
4587
4590
4593
4596
4601
4604
4607
4610
4613
4616
4619
4622
4625
4628
4631
4634
4637
4640
4643
4646
4649
4652
4655
4658
4661
4664
4667
4670
4675
4678
4681
4684
4687
4732
4735
4738
4741
4744
4765
4768
4771
4774
4777
4780
4783
4786
4789
4792
4795
4798
4801
4804
4807
4810
4813
4816
4819
4822
4825
4828
4831
4834
4837
4840
4843
4900
4903
4906
4909
4912
4915
4918
4921
4924
4927
4930
4933
4936
4939
4942
4945
4948
4951
4954
4957
4960
4963
4966
4969
4972
4975
4978
4981
4984
4987
4990
4993
4996
4999
5002
5005
5008
5011
5014
5017
5020
5023
5026
5029
5032
5035
5038
5041
5044
5055
5058
5061
5064
5067
5070
5073
5076
5079
5082
5085
5088
5091
5094
5097
5100
5103
5106
5109
5112
5115
5118
5121
5124
5127
5130
5133
5136
5139
5142
5145
5148
5151
5154
5157
5160
5163
5166
5169
5172
5175
5178
5181
5184
5187
5190
5193
5196
5199
5202
5205
5208
5211
5214
5217
5220
5223
5226
5229
5232
5235
5238
5241
5244
5247
5250
5253
5256
5259
5262
5265
5268
5271
5284
5287
5290
5293
5296
5299
5302
5305
5308
5311
5314
5317
5320
5323
5326
5329
5332
5335
5338
5341
5344
5347
5350
5353
5366
5369
5372
5375
5378
5381
5384
5387
5390
5393
5396
5399
5402
5405
5408
5411
5414
5417
5420
5423
5426
5429
5432
5435
5438
5441
5444
5447
5450
5453
5456
5459
5462
5465
5468
5471
5474
5477
5480
5483
5486
5489
5492
5495
5498
5501
5504
5507
5510
5513
5516
5519
5522
5525
5528
5531
5534
5541
5544
5547
5550
5553
5556
5559
5562
5565
5568
5571
5574
5577
5580
5583
5586
5589
5592
5595
5598
5601
5604
5607
5610
5613
5616
5619
5622
5625
5628
5631
5634
5637
5640
5643
5646
5649
5652
5655
5658
5661
5664
5667
5670
5673
5676
5679
5682
5685
5688
5691
5694
5697
5700
5703
5706
5709
5712
5715
5718
5721
5724
5727
5730
5733
5736
5739
5742
5745
5748
5751
5754
5757
5760
5763
5766
5769
5772
5775
5778
5781
5784
5787
5790
5793
5796
5799
5802
5805
5808
5811
5814
5817
5820
5823
5826
5899
5902
5905
5908
5911
5914
5917
5920
5923
5926
5929
5932
5935
5938
5941
5944
5947
5950
5953
5956
5959
5962
5965
5968
5971
5974
5977
5980
5983
5986
5989
5992
5995
5998
6001
6004
6007
6096
6099
6102
6105
6108
6111
6114
6117
6120
6123
6126
6129
6132
6135
6138
6141
6144
6147
6150
6153
6156
6159
6162
6165
6168
6171
6174
6177
6180
6183
6186
6189
6192
6195
6198
6227
6230
6233
6236
6239
6242
6245
6248
6251
6254
6257
6260
6263
6266
6269
6272
6275
6278
6281
6284
6287
6290
6293
6296
6299
6302
6305
6308
6311
6314
6317
6320
6323
6326
6329
6332
6335
6338
6341
6344
6361
6364
6367
6370
6373
6376
6379
6382
6385
6394
6397
6400
6403
6406
6409
6412
6415
6418
6421
6424
6427
6430
6433
6436
6439
6442
6445
6448
6451
6454
6457
6460
6463
6466
6469
6472
6475
6478
6481
6484
6487
6490
6493
6496
6499
6502
6505
6594
6597
6600
6603
6606
6609
6612
6615
6618
6621
6624
6627
6630
6633
6636
6639
6642
6645
6648
6651
6654
6657
6660
6663
6666
6669
6672
6675
6678
6681
6684
6687
6690
6693
6696
6699
6702
6705
6708
6711
6714
6717
6720
6723
6726
6729
6732
6735
6738
6741
6744
6747
6750
6753
6756
6759
6762
6765
6768
6771
6774
6777
6780
6783
6786
6789
6792
6795
6798
6801
6804
6807
6810
6813
6816
6819
6822
6825
6828
6831
6834
6837
6840
6843
6846
6849
6852
6855
6858
6861
6864
6871
6874
6877
6880
6883
6886
6889
6892
6895
6898
6901
6904
6907
6910
6913
6916
6919
6922
6925
6928
6931
6934
6937
6940
6943
6946
6949
6952
6955
6958
6961
6964
6967
6970
6973
6976
6979
6982
6985
6988
6991
6994
6997
7000
7003
7006
7009
7012
7015
7018
7021
7024
7027
7030
7033
7036
7039
7042
7045
7048
7051
7054
7057
7060
7063
7066
7069
7072
7075
7078
7081
7084
7087
7090
7093
7096
7099
7102
7105
7108
7111
7114
7117
7120
7123
7126
7129
7132
7135
7138
7141
7144
7147
7150
7153
7156
7159
7162
7165
7168
7171
7174
7177
7180
7183
7186
7189
7192
7195
7198
7201
7204
7207
7210
7213
7216
7219
7222
7225
7228
7231
7234
7237
7240
7243
7246
7249
7252
7255
7258
7261
7264
7267
7270
7273
7276
7279
7282
7285
7288
7291
7294
7297
7300
7303
7306
7309
7312
7315
7318
7321
7324
7327
7330
7333
7336
7339
7342
7345
7348
7351
7354
7357
7360
7363
7366
7369
7372
7375
7378
7381
7384
7387
7390
7393
7396
7399
7402
7405
7408
7411
7414
7417
7420
7423
7426
7429
7432
7435
7438
7441
7444
7447
7450
7453
7456
7459
7462
7465
7468
7471
7474
7477
7480
7483
7486
7489
7492
7495
7498
7501
7504
7507
7510
7513
7516
7519
7522
7525
7528
7531
7534
7537
7540
7543
7546
7549
7552
7555
7558
7561
7564
7567
7570
7573
7576
7579
7582
7585
7588
7591
7594
7597
7600
7603
7606
7609
7612
7615
7618
7621
7624
7627
7630
7633
7636
7639
7642
7645
7648
7651
7654
7657
7660
7663
7666
7669
7672
7675
7678
7681
7684
7687
7690
7693
7696
7699
7702
7705
7708
7711
7714
7717
7720
7723
7726
7729
7732
7735
7738
7741
7744
7747
7750
7753
7756
7759
7762
7765
7768
7771
7774
7777
7780
7783
7786
7789
7792
7795
7798
7801
7804
7807
7810
7813
7816
7819
7822
7825
7828
7831
7834
7837
7840
7843
7846
7849
7852
7855
7858
7861
7864
7867
7870
7873
7876
7879
7882
7885
7888
7891
7894
7897
7900
7903
7906
7909
7912
7915
7918
7921
7924
7927
7930
7933
7936
7939
7942
7945
7948
7951
7954
7957
7960
7963
7966
7969
7972
7975
7978
7981
7984
7987
7990
7993
7996
7999
8002
8005
8008
8011
8014
8017
8020
8023
8026
8029
8032
8035
8038
8041
8044
8047
8050
8053
8056
8059
8062
8065
8068
8071
8074
8077
8080
8083
8086
8089
8092
8095
8098
8101
8104
8107
8110
8113
8116
8119
8122
8125
8128
8131
8134
8137
8140
8143
8146
8149
8152
8155
8158
8161
8164
8167
8170
8173
8176
8179
8182
8185
8188
8191
8194
8197
8200
8203
8206
8209
8212
8215
8218
8221
8224
8227
8230
8233
8236
8239
8242
8245
8248
8251
8254
8257
8260
8263
8266
8269
8272
8275
8278
8281
8284
8287
8290
8293
8296
8299
8302
8305
8308
8311
8314
8317
8320
8323
8326
8329
8332
8335
8338
8341
8344
8347
8350
8353
8356
8359
8362
8365
8368
8371
8374
8377
8380
8383
8386
8389
8392
8395
8398
8401
8404
8407
8410
8413
8416
8419
8422
8425
8428
8431
8520
8523
8526
8529
8532
8535
8538
8541
8544
8547
8550
8553
8556
8559
8562
8565
8568
8571
8574
8577
8580
8583
8586
8589
8592
8595
8598
8601
8604
8607
8610
8613
8616
8619
8622
8625
8628
8631
8634
8637
8640
8643
8646
8649
8652
8655
8658
8661
8664
8667
8670
8673
8676
8679
8682
8685
8688
8691
8694
8697
8700
8703
8706
8709
8712
8715
8718
8721
8724
8727
8730
8733
8736
8739
8742
8745
8748
8751
8754
8757
8760
8763
8766
8769
8772
8775
8778
8781
8784
8787
8790
8793
8796
8799
8802
8805
8808
8811
8814
8817
8820
8823
8826
8829
8832
8835
8838
8841
8844
8847
8850
8853
8856
8859
8862
8865
8868
8871
8874
8877
8880
8883
8886
8889
8892
8895
8898
8901
8904
8907
8910
8913
8916
8919
8922
8925
8928
8931
8934
8937
8940
8943
8946
8949
8952
8955
8958
8961
8964
8967
8970
8973
8976
8979
8982
8985
8988
8991
8994
8997
9000
9003
9006
9009
9012
9015
9018
9021
9024
9027
9030
9051
9074
9077
9080
9083
9086
9089
9092
9095
9098
9101
9104
9107
9110
9113
9116
9119
9122
9125
9128
9131
9134
9137
9140
9143
9146
9149
9152
9155
9158
9161
9164
9167
9170
9173
9176
9179
9182
9185
9188
9191
9206
9209
9212
9215
9218
9221
9224
9227
9230
9233
9236
9239
9242
9245
9248
9251
9254
9257
9260
9263
9266
9269
9272
9275
9278
9281
9284
9287
9290
9293
9296
9299
9388
9391
9394
9397
9400
9403
9406
9409
9412
9415
9418
9421
9424
9427
9430
9433
9436
9439
9442
9445
9448
9451
9454
9457
9460
9463
9466
9469
9472
9475
9478
9481
9484
9487
9490
9493
9496
9499
9502
9505
9508
9511
9514
9517
9520
9523
9526
9529
9532
9535
9538
9541
9544
9547
9550
9553
9556
9559
9562
9565
9568
9571
9574
9577
9580
9583
9586
9589
9592
9595
9598
9601
9604
9607
9610
9613
9616
9619
9622
9625
9628
9631
9634
9637
9640
9643
9646
9649
9652
9655
9658
9661
9664
9667
9670
9673
9676
9679
9682
9685
9688
9691
9694
9697
9700
9703
9706
9709
9712
9715
9718
9721
9724
9727
9730
9733
9736
9739
9742
9745
9748
9751
9754
9757
9760
9763
9766
9769
9772
9775
9778
9781
9784
9787
9790
9793
9796
9799
9802
9805
9808
9815
9818
9821
9824
9827
9830
9833
9836
9839
9842
9845
9848
9851
9854
9857
9860
9863
9866
9869
9872
9875
9878
9881
9884
9887
9890
9893
9896
9899
9902
9905
9908
9911
9914
9917
9920
9923
9926
9929
9932
9935
9938
9941
9944
9947
9950
9975
10006
10009
10012
10015
10030
10045
10054
10071
10104
10135
10138
10165
10168
10185
10188
10191
10196
10211
10230
10243
10256
10263
10266
10269
10272
10275
10278
10281
10284
10299
10302
10305
10308
10311
10314
10317
10320
10323
10326
10329
10332
10335
10338
10341
10344
10347
10350
10353
10356
10359
10362
10365
10368
10371
10374
10377
10380
10383
10386
10389
10392
10395
10398
10401
10404
10407
10410
10413
10416
10419
10422
10425
10428
10431
10542
10545
10656
10767
10770
10871
10996
11099
11220
11331
11432
11543
11666
11669
11770
11773
11898
12001
12122
12233
12334
12435
12540
12543
12546
12549
12552
12555
12558
12561
12564
12567
12570
12573
12576
12579
12582
12585
12588
12591
12594
12597
12600
12603
12606
12609
12612
12615
12618
12621
12624
12627
12630
12633
12636
12639
12642
12645
12648
12651
12654
12657
12660
12663
12666
12669
12672
12675
12678
12681
12684
12687
12690
12693
12696
12699
12702
12705
12708
12711
12714
12717
12720
12723
12726
12729
12732
12735
12738
12741
12744
12747
12750
12753
12756
12759
12762
12765
12768
12771
12774
12777
12780
12783
12786
12789
12792
12795
12798
12801
12804
12807
12810
12813
12816
12819
12822
12825
12828
12831
12834
12837
12840
12843
12846
12849
12852
12855
12858
12861
12864
12867
12870
12873
12876
12879
12882
12885
12888
12891
12894
12897
12900
12903
12906
12909
12912
12915
12918
12921
12924
12927
12930
12933
12936
12939
12942
12945
12948
12951
12954
12957
12960
12963
12966
12969
12972
12975
12978
12981
12984
12987
12990
12993
12996
12999
13002
13005
13008
13011
13014
13017
13020
13023
13026
13029
13032
13035
13038
13041
13044
13047
13050
13053
13056
13059
13062
13065
13068
13071
13074
13077
13080
13083
13086
13089
13092
13095
13098
13101
13104
13107
13110
13113
13116
13119
13122
13125
13128
13131
13134
13137
13140
13143
13146
13149
13152
13155
13158
13161
13164
13167
13170
13173
13176
13179
13182
13185
13188
13191
13194
13197
13200
13203
13206
13209
13212
13215
13218
13221
13224
13227
13230
13233
13236
13239
13242
13245
13248
13251
13254
13257
13260
13263
13266
13269
13272
13275
13278
13281
13284
13287
13290
13293
13296
13299
13302
13305
13308
13311
13314
13317
13320
13323
13326
13329
13332
13335
13338
13341
13344
13347
13350
13353
13356
13359
13362
13365
13368
13371
13374
13377
13380
13383
13386
13389
13392
13395
13398
13401
13404
13407
13410
13413
13416
13419
13422
13425
13428
13431
13434
13437
13440
13443
13446
13449
13452
13455
13458
13461
13464
13467
13470
13473
13476
13479
13482
13485
13488
13491
13494
13497
13500
13503
13506
13509
13512
13515
13518
13521
13524
13527
13530
13533
13536
13539
13542
13545
13548
13551
13554
13557
13560
13563
13566
13569
13572
13575
13578
13581
13584
13587
13590
13593
13596
13599
13602
13605
13608
13611
13614
13617
13620
13623
13626
13629
13632
13635
13638
13641
13644
13647
13650
13653
13670
13673
13676
13679
13690
13693
13696
13699
13702
13705
13708
13711
13714
13717
13720
13723
13726
13729
13732
13735
13738
13741
13744
13781
13784
13787
13790
13793
13796
13799
13802
13805
13808
13811
13814
13817
13820
13823
13826
13829
13832
13835
13838
13841
13844
13847
13850
13853
13856
13859
13862
13865
13868
13871
13874
13877
13880
13883
13886
13889
13892
13895
13898
13901
13904
13907
13910
13913
13916
13919
13922
13925
13928
13931
13934
13937
13940
13943
13946
13949
13952
13955
13958
13961
13964
13967
13970
13973
13976
13979
13982
13985
13988
13991
13994
13997
14000
14003
14006
14009
14012
14015
14018
14021
14024
14027
14030
14033
14036
14039
14042
14045
14048
14051
14054
14057
14060
14063
14066
14069
14072
14075
14078
14081
14084
14087
14090
14093
14096
14099
14102
14105
14108
14111
14114
14117
14120
14123
14126
14129
14132
14135
14138
14141
14144
14147
14150
14153
14156
14159
14314
14317
14342
14345
14348
14351
14354
14357
14360
14363
14366
14369
14372
14375
14378
14381
14384
14387
14390
14393
14396
14399
14402
14405
14408
14411
14414
14417
14420
14423
14426
14429
14432
14435
14438
14441
14444
14447
14450
14453
14456
14459
14462
14465
14468
14471
14474
14477
14480
14507
14510
14513
14516
14519
14522
14525
14528
14531
14534
14537
14540
14543
14546
14549
14552
14555
14558
14561
14564
14567
14570
14573
14576
14579
14582
14585
14588
14591
14594
14597
14600
14603
14606
14609
14648
14651
14654
14657
14660
14663
14666
14669
14672
14675
14678
14681
14684
14687
14690
14693
14696
14699
14702
14705
14708
14711
14714
14717
14720
14723
14726
14729
14732
14735
14738
14767
14770
14773
14776
14779
14782
14811
14814
14817
14820
14823
14826
14829
15018
15021
15080
15165
15244
15247
15250
15253
15256
15259
15262
15265
15268
15271
15274
15277
15280
15283
15286
15289
15292
15295
15298
15301
15304
15307
15310
15313
15316
15319
15322
15325
15328
15331
15334
15337
15340
15343
15346
15349
15352
15355
15358
15361
15364
15367
15370
15373
15376
15379
15382
15385
15388
15391
15394
15397
15400
15403
15406
15409
15412
15415
15418
15421
15424
15427
15430
15433
15436
15439
15442
15445
15448
15451
15454
15457
15460
15463
15466
15469
15472
15475
15478
15481
15484
15487
15490
15493
15496
15499
15502
15505
15508
15511
15514
15517
15520
15523
15526
15529
15532
15535
15538
15541
15544
15547
15566
15569
15572
15575
15578
15581
15610
15613
15616
15619
15622
15625
15628
15631
15634
15637
15640
15643
15646
15649
15652
15655
15658
15661
15664
15667
15670
15673
15676
15679
15682
15685
15688
15691
15694
15697
15700
15703
15706
15709
15712
15715
15718
15721
15724
15727
15730
15733
15736
15739
15742
15745
15748
15751
15754
15757
15760
15763
15766
15769
15772
15775
15778
15781
15784
15787
15790
15793
15796
15799
15802
15805
15808
15811
15814
15817
15820
15823
15826
15829
15832
15835
15838
15841
15844
15847
15850
15853
15856
15859
15862
15865
15868
15871
15874
15877
15880
15883
15886
15889
15892
15895
15898
15901
15904
15907
15910
15969
16028
16099
16164
16231
16276
16323
16326
16329
16332
16357
16360
16363
16366
16369
16372
16379
16382
16385
16388
16391
16394
16397
16400
16403
16406
16409
16412
16415
16418
16421
16424
16427
16430
16433
16436
16439
16442
16445
16448
16451
16454
16457
16460
16463
16466
16469
16472
16475
16478
16481
16484
16487
16490
16493
16496
16499
16502
16505
16508
16511
16514
16517
16520
16523
16526
16529
16532
16535
16538
16541
16544
16547
16550
16553
16556
16559
16562
16565
16568
16571
16574
16577
16580
16583
16586
16589
16592
16595
16598
16601
16604
16607
16610
16613
16616
16619
16622
16625
16646
16649
16652
16655
16658
16661
16664
16667
16670
16673
16676
16679
16682
16685
16688
16691
16694
16697
16700
16703
16706
16709
16712
16715
16718
16721
16732
16735
16738
16741
16744
16747
16750
16753
16756
16829
16832
16835
16838
16841
16844
16847
16850
16853
16856
16859
16862
16865
16868
16871
16874
16877
16880
16883
16886
16889
16892
16895
16898
16927
16930
16933
16936
16939
16942
16945
16948
16951
16954
16957
16960
16963
16966
16969
16972
16975
16978
16981
16984
16987
16990
16993
16996
16999
17002
17005
17008
17011
17014
17017
17020
17023
17030
17033
17036
17039
17042
17045
17048
17051
17054
17057
17060
17063
17066
17069
17072
17075
17078
17081
17084
17087
17090
17093
17096
17099
17102
17105
17108
17111
17114
17117
17120
17123
17126
17129
17132
17135
17138
17141
17144
17147
17150
17153
17156
17159
17162
17165
17168
17171
17174
17177
17180
17183
17186
17189
17192
17195
17198
17201
17204
17207
17210
17213
17216
17219
17222
17225
17228
17231
17234
17237
17240
17243
17246
17249
17252
17255
17258
17261
17264
17267
17270
17273
17276
17279
17282
17285
17288
17291
17294
17297
17300
17303
17306
17309
17312
17315
17318
17321
17324
17327
17330
17333
17336
17339
17342
17345
17348
17351
17354
17357
17360
17363
17366
17369
17372
17375
17378
17381
17384
17387
17390
17393
17396
17399
17402
17405
17408
17411
17414
17417
17420
17423
17426
17429
17432
17435
17438
17441
17444
17447
17450
17453
17456
17459
17462
17465
17468
17471
17474
17477
17480
17483
17486
17489
17492
17495
17498
17501
17504
17507
17510
17513
17516
17519
17522
17525
17528
17531
17534
17537
17540
17545
17548
17551
17558
17561
17564
17579
17582
17585
17588
17591
17594
17597
17600
17603
17606
17609
17612
17615
17618
17621
17624
17627
17630
17633
17636
17639
17642
17645
17648
17651
17654
17765
17876
17987
17990
18091
18216
18319
18440
18443
18446
18449
18452
18455
18458
18461
18464
18467
18470
18473
18476
18479
18482
18485
18488
18491
18494
18497
18500
18503
18506
18509
18512
18515
18518
18521
18524
18527
18530
18533
18536
18539
18542
18559
18562
18565
18568
18571
18574
18577
18580
18583
18586
18589
18626
18629
18632
18635
18638
18641
18644
18647
18650
18653
18656
18659
18662
18665
18668
18671
18674
18677
18680
18683
18686
18689
18692
18695
18698
18701
18704
18707
18710
18713
18716
18719
18722
18725
18728
18731
18734
18737
18740
18743
18746
18749
18752
18755
18758
18761
18764
18767
18770
18773
18776
18779
18782
18785
18788
18791
18946
18949
18974
18977
18980
18983
18986
18989
18992
18995
18998
19001
19004
19007
19010
19013
19016
19019
19022
19025
19028
19055
19058
19061
19064
19067
19070
19073
19076
19079
19082
19085
19088
19091
19094
19097
19124
19151
19154
19201
19228
19255
19302
19333
19360
19401
19434
19437
19440
19443
19446
19449
19452
19455
19458
19461
19464
19467
19470
19473
19476
19479
19482
19485
19488
19491
19494
19497
19500
19503
19506
19509
19512
19515
19518
19521
19524
19527
19530
19533
19536
19539
19542
19545
19548
19551
19554
19557
19560
19563
19566
19569
19572
19575
19578
19581
19584
19587
19590
19593
19596
19599
19602
19605
19608
19611
19614
19617
19620
19623
19626
19629
19632
19635
19638
19641
19644
19647
19650
19675
19678
19681
19684
19687
19690
19693
19696
19699
19702
19705
19708
19711
19714
19717
19720
19723
19726
19729
19732
19735
19738
19741
19744
19747
19750
19753
19756
19759
19762
19765
19768
19771
19774
19777
19780
19783
19786
19789
19792
19795
19798
19801
19804
19807
19810
19813
19816
19819
19822
19825
19828
19831
19834
19837
19840
19843
19846
19849
19852
19855
19858
19861
19864
19867
19870
19873
19876
19879
19882
19885
19888
19891
19894
19897
19900
19903
19906
19909
19912
19915
19918
19921
19924
19927
19930
19933
19936
19939
19942
19945
19948
19951
19954
19957
19960
19963
19966
19969
19972
19975
19978
19981
19984
19987
19990
19993
19996
19999
20002
20005
20008
20011
20014
20017
20020
20023
20026
20029
20032
20035
20038
20041
20044
20047
20050
20053
20056
20059
20062
20065
20068
20071
20074
20077
20080
20083
20086
20089
20092
20095
20098
20101
20104
20107
20110
20113
20116
20119
20122
20125
20128
20131
20134
20137
20140
20143
20146
20149
20152
20155
20158
20161
20164
20167
20170
20173
20176
20179
20182
20185
20188
20191
20194
20197
20200
20203
20206
20209
20212
20215
20218
20221
20224
20227
20230
20233
20236
20239
20242
20245
20248
20251
20254
20257
20260
20263
20266
20269
20272
20275
20278
20281
20284
20287
20290
20293
20296
20299
20302
20305
20308
20311
20314
20317
20320
20323
20326
20329
20332
20335
20338
20341
20344
20347
20350
20353
20356
20359
20362
20365
20368
20371
20374
20377
20380
20383
20386
20389
20392
20395
20398
20401
20404
20407
20410
20413
20416
20419
20422
20425
20428
20431
20434
20437
20440
20443
20446
20449
20452
20455
20458
20461
20464
20467
20470
20473
20476
20479
20482
20485
20488
20491
20494
20497
20500
20503
20506
20509
20512
20515
20518
20521
20524
20591
20594
20597
20600
20603
20606
20609
20612
20615
20634
20637
20640
20643
20646
20649
20652
20655
20658
20661
20664
20667
20670
20673
20676
20679
20682
20685
20688
20691
20694
20697
20700
20703
20706
20709
20712
20715
20718
20721
20724
20727
20730
20733
20736
20739
20752
20755
20758
20761
20764
20767
20770
20773
20776
20779
20782
20785
20788
20791
20794
20797
20800
20803
20806
20809
20812
20815
20818
20821
20824
20827
20830
20833
20836
20839
20842
20845
20848
20851
20854
20857
20860
20863
20866
20869
20872
20875
20878
20881
20884
20887
20890
20893
20896
20899
20902
20905
20908
20911
20914
20917
20920
20923
20926
20929
20932
20935
20938
20941
20944
20947
20950
20953
20956
20959
20962
20965
20968
20971
20974
20977
20980
20983
20986
20989
20992
21001
21004
21007
21010
21013
21016
21019
21022
21025
21028
21031
21034
21037
21040
21043
21046
21049
21052
21055
21058
21061
21064
21067
21070
21073
21076
21079
21082
21085
21104
21107
21110
21113
21116
21119
21122
21125
21128
21131
21134
21137
21140
21143
21146
21149
21152
21155
21158
21161
21164
21167
21170
21173
21176
21179
21182
21185
21188
21191
21194
21197
21200
21203
21206
21209
21212
21215
21218
21221
21224
21227
21230
21233
21236
21239
21242
21245
21248
21251
21254
21257
21260
21263
21266
21295
21298
21301
21304
21307
21310
21313
21316
21319
21322
21325
21328
21331
21334
21337
21340
21343
21352
21355
21358
21361
21364
21367
21370
21373
21376
21379
21382
21385
21388
21391
21394
21397
21400
21403
21406
21409
21412
21415
21418
21421
21424
21427
21430
21433
21436
21439
21442
21445
21448
21451
21454
21467
21470
21473
21476
21479
21482
21485
21488
21491
21494
21497
21500
21519
21522
21525
21528
21531
21534
21537
21540
21543
21546
21549
21552
21555
21558
21561
21564
21567
21570
21573
21576
21579
21582
21585
21588
21591
21594
21597
21600
21603
21606
21609
21612
21615
21618
21621
21624
21627
21630
21633
21636
21639
21642
21645
21648
21651
21654
21657
21692
21695
21698
21701
21704
21707
21710
21713
21716
21719
21722
21725
21728
21731
21734
21737
21740
21743
21746
21749
21752
21755
21758
21761
21764
21767
21770
21799
21802
21805
21808
21811
21814
21817
21820
21823
21826
21829
21832
21835
21838
21841
21844
21847
21850
21853
21856
21859
21862
21865
21868
21871
21874
21877
21880
21883
21886
21889
21892
21895
21898
21901
21904
21907
21910
21913
21916
21919
21922
21925
21928
21931
21934
21937
21940
21943
21946
21949
21952
21955
21958
21961
21964
21967
21970
21973
21976
21979
21982
21985
21988
21991
21994
21997
22000
22003
22006
22009
22012
22015
22018
22021
22024
22027
22030
22033
22036
22039
22042
22045
22048
22051
22054
22057
22060
22063
22066
22069
22072
22075
22078
22081
22084
22087
22090
22093
22096
22099
22102
22105
22108
22111
22114
22117
22120
22123
22126
22129
22132
22135
22138
22141
22156
22159
22162
22165
22168
22171
22174
22177
22180
22183
22186
22189
22192
22195
22198
22201
22204
22207
22210
22213
22216
22219
22222
22225
22228
22231
22234
22237
22240
22243
22246
22249
22252
22255
22258
22261
22264
22267
22270
22273
22276
22279
22282
22285
22288
22291
22294
22297
22300
22303
22306
22309
22312
22315
22318
22321
22324
22327
22330
22333
22336
22339
22342
22345
22360
22363
22366
22369
22372
22375
22378
22381
22384
22387
22390
22393
22396
22399
22402
22405
22408
22411
22414
22417
22428
22431
22434
22437
22440
22443
22446
22449
22452
22455
22458
22461
22464
22467
22470
22473
22476
22479
22482
22485
22488
22491
22494
22497
22500
22503
22506
22509
22512
22515
22518
22521
22524
22527
22530
22533
22536
22539
22542
22545
22548
22551
22554
22557
22560
22563
22566
22569
22572
22575
22578
22581
22584
22587
22590
22593
22596
22599
22602
22605
22608
22611
22614
22617
22620
22623
22626
22629
22632
22635
22638
22641
22644
22647
22650
22653
22656
22659
22662
22665
22668
22671
22674
22677
22680
22683
22686
22689
22692
22695
22698
22701
22704
22707
22710
22713
22716
22719
22722
22725
22728
22731
22734
22737
22740
22743
22746
22749
22752
22755
22758
22761
22764
22767
22770
22773
22776
22779
22782
22785
22788
22791
22794
22797
22800
22803
22806
22809
22812
22815
22818
22821
22824
22827
22830
22833
22836
22839
22842
22845
22848
22851
22854
22857
22860
22863
22866
22869
22872
22875
22878
22881
22884
22887
22890
22893
22896
22899
22902
22905
22908
22911
22914
22927
22930
22933
22936
22939
22942
22945
22948
22951
22954
22957
22960
22963
22966
22969
22972
22975
22978
22981
22984
22987
22990
22993
22996
22999
23002
23005
23008
23011
23014
23017
23020
23023
23026
23029
23032
23035
23038
23041
23044
23047
23050
23053
23056
23059
23062
23065
23068
23071
23074
23077
23080
23083
23086
23089
23092
23095
23098
23101
23104
23107
23110
23113
23116
23119
23122
23125
23128
23131
23134
23137
23140
23143
23146
23149
23152
23155
23158
23161
23164
23167
23170
23173
23176
23179
23182
23185
23188
23191
23194
23197
23200
23203
23206
23209
23212
23215
23218
23221
23224
23227
23230
23233
23236
23239
23242
23245
23248
23251
23254
23257
23260
23263
23266
23269
23298
23301
23304
23307
23310
23313
23316
23319
23322
23325
23328
23331
23334
23337
23340
23343
23346
23349
23352
23355
23358
23361
23364
23367
23370
23373
23376
23379
23382
23385
23388
23391
23394
23397
23400
23403
23406
23409
23412
23415
23418
23421
23424
23427
23430
23433
23436
23439
23442
23445
23448
23451
23454
23457
23460
23463
23466
23469
23472
23475
23478
23481
23484
23487
23490
23493
23496
23499
23502
23505
23508
23511
23514
23517
23520
23523
23526
23529
23532
23535
23538
23541
23544
23547
23550
23553
23560
23563
23566
23569
23572
23575
23578
23581
23584
23587
23590
23609
23612
23615
23618
23621
23624
23627
23630
23633
23636
23639
23642
23645
23648
23651
23654
23657
23660
23663
23666
23669
23672
23675
23678
23681
23684
23687
23690
23693
23696
23699
23702
23705
23708
23711
23714
23717
23720
23723
23726
23729
23732
23735
23738
23741
23744
23747
23750
23753
23756
23759
23762
23765
23768
23771
23774
23777
23780
23783
23786
23789
23792
23795
23798
23801
23804
23807
23810
23813
23816
23819
23822
23825
23828
23831
23834
23837
23840
23843
23846
23849
23852
23855
23858
23861
23864
23867
23870
23873
23876
23879
23882
23885
23888
23891
23894
23897
23900
23903
23906
23909
23912
23915
23918
23921
23924
23927
23930
23933
23936
23939
23942
23987
23990
23993
23996
23999
24002
24005
24008
24011
24014
24017
24020
24023
24026
24029
24032
24035
24038
24041
24044
24047
24050
24053
24056
24059
24062
24065
24068
24071
24074
24077
24080
24083
24086
24089
24092
24149
24152
24155
24158
24161
24164
24167
24170
24173
24176
24179
24182
24185
24188
24191
24194
24197
24200
24203
24206
24209
24212
24215
24218
24221
24224
24227
24230
24233
24236
24239
24242
24245
24248
24251
24254
24257
24260
24263
24266
24269
24272
24275
24278
24281
24284
24287
24290
24293
24296
24299
24302
24305
24308
24311
24314
24317
24320
24323
24326
24329
24332
24335
24338
24341
24344
24347
24350
24353
24356
24359
24362
24365
24368
24371
24374
24377
24380
24383
24386
24389
24392
24395
24398
24401
24404
24407
24410
24413
24416
24441
24444
24447
24450
24453
24456
24459
24462
24465
24468
24471
24474
24477
24480
24483
24486
24489
24492
24495
24498
24501
24504
24507
24510
24513
24516
24519
24522
24525
24528
24531
24534
24537
24540
24543
24546
24549
24552
24555
24558
24561
24564
24567
24570
24573
24576
24579
24582
24585
24588
24591
24594
24597
24600
24603
24606
24609
24612
24615
24618
24621
24624
24627
24630
24633
24636
24639
24642
24645
24648
24651
24654
24657
24660
24663
24666
24669
24672
24675
24678
24681
24684
24687
24690
24693
24696
24699
24702
24705
24708
24711
24714
24717
24720
24723
24726
24729
24732
24735
24738
24741
24744
24747
24750
24753
24756
24759
24762
24765
24768
24771
24774
24777
24780
24783
24786
24789
24792
24795
24798
24801
24804
24807
24810
24813
24816
24819
24822
24825
24828
24831
24834
24837
24840
24843
24846
24849
24852
24855
24858
24861
24864
24867
24870
24873
24876
24879
24882
24885
24888
24891
24894
24897
24900
24903
24906
24909
24912
24915
24918
24921
24924
24927
24930
24933
24936
24939
24942
24945
24948
24951
24954
24957
24960
24963
24966
24969
24972
24975
24978
24981
24984
24987
24990
24993
24996
24999
25002
25005
25008
25011
25014
25017
25020
25023
25026
25029
25032
25035
25038
25041
25044
25047
25050
25053
25056
25059
25062
25065
25068
25071
25074
25077
25080
25083
25086
25089
25092
25095
25098
25101
25104
25107
25110
25113
25116
25119
25122
25125
25128
25131
25134
25137
25140
25143
25146
25149
25152
25155
25158
25161
25164
25167
25170
25173
25176
25179
25182
25185
25188
25191
25194
25197
25200
25203
25206
25209
25212
25215
25218
25221
25224
25227
25230
25233
25236
25239
25242
25245
25248
25251
25254
25257
25260
25263
25266
25269
25272
25275
25278
25281
25284
25287
25290
25293
25296
25299
25302
25305
25308
25311
25314
25317
25320
25323
25326
25329
25332
25335
25338
25341
25344
25347
25350
25353
25356
25359
25362
25365
25368
25371
25374
25377
25380
25383
25386
25389
25392
25395
25398
25401
25404
25407
25410
25413
25416
25419
25422
25425
25428
25431
25434
25437
25440
25443
25446
25449
25452
25455
25458
25461
25464
25467
25470
25473
25476
25479
25482
25485
25488
25491
25494
25497
25500
25503
25506
25509
25512
25515
25518
25521
25524
25527
25530
25533
25536
25539
25542
25545
25548
25551
25554
25557
25560
25563
25566
25569
25572
25575
25578
25581
25584
25587
25590
25593
25596
25599
25602
25605
25608
25611
25614
25617
25620
25623
25626
25629
25632
25635
25638
25641
25644
25647
25650
25653
25656
25659
25662
25665
25668
25671
25674
25677
25680
25683
25686
25689
25692
25709
25712
25715
25718
25721
25724
25727
25736
25739
25742
25745
25748
25751
25754
25757
25760
25763
25766
25769
25772
25775
25778
25781
25784
25787
25790
25793
25796
25799
25802
25805
25808
25811
25814
25817
25820
25823
25826
25829
25832
25835
25838
25841
25844
25847
25850
25853
25856
25859
25862
25865
25868
25871
25874
25877
25880
25883
25886
25889
25892
25895
25898
25901
25904
25907
25910
25913
25916
25919
25922
25925
25928
25931
25934
25937
25940
25943
25946
25949
25952
25955
25958
25961
25964
25967
25970
25973
25976
25979
25982
25985
25988
25991
25994
25997
26000
26003
26006
26009
26012
26015
26018
26021
26024
26027
26030
26033
26036
26039
26042
26045
26048
26051
26054
26057
26060
26063
26066
26069
26072
26075
26078
26081
26084
26087
26090
26093
26096
26099
26102
26105
26108
26111
26114
26117
26120
26123
26126
26129
26132
26135
26138
26141
26144
26147
26150
26153
26156
26159
26162
26165
26168
26171
26174
26177
26180
26183
26186
26189
26192
26195
26198
26201
26204
26207
26210
26213
26216
26219
26222
26225
26228
26231
26234
26237
26240
26243
26246
26249
26252
26255
26258
26261
26264
26267
26270
26273
26276
26279
26282
26285
26288
26291
26294
26297
26300
26303
26306
26309
26312
26315
26318
26321
26324
26327
26330
26333
26336
26339
26342
26345
26348
26351
26354
26357
26360
26363
26366
26369
26372
26375
26378
26381
26384
26387
26390
26393
26396
26399
26402
26405
26408
26411
26414
26417
26420
26423
26426
26429
26432
26435
26438
26441
26444
26447
26450
26453
26456
26459
26462
26465
26468
26471
26474
26477
26480
26483
26486
26489
26492
26495
26498
26501
26504
26507
26510
26513
26516
26519
26522
26525
26528
26531
26534
26537
26540
26543
26546
26549
26552
26555
26558
26561
26564
26567
26570
26573
26576
26579
26582
26585
26588
26591
26594
26597
26600
26603
26606
26609
26612
26615
26618
26621
26624
26627
26630
26633
26636
26639
26642
26645
26648
26651
26654
26657
26660
26663
26666
26669
26672
26675
26678
26681
26684
26687
26690
26693
26696
26699
26702
26705
26708
26711
26714
26717
26720
26723
26726
26729
26732
26735
26738
26741
26744
26747
26750
26753
26756
26759
26762
26765
26768
26771
26774
26777
26780
26783
26786
26789
26792
26795
26798
26801
26804
26807
26810
26813
26816
26819
26822
26825
26828
26831
26834
26837
26840
26843
26846
26849
26852
26855
26858
26861
26864
26867
26870
26873
26876
26879
26882
26885
26888
26891
26894
26897
26900
26903
26906
26909
26912
26915
26918
26921
26924
26927
26930
26933
26936
26939
26942
26945
26948
26951
26954
26957
26960
26963
26966
26969
26972
26975
26978
26981
26984
26987
26990
26993
26996
26999
27002
27005
27008
27011
27014
27017
27020
27023
27026
27029
27032
27035
27038
27041
27044
27047
27050
27053
27056
27059
27062
27065
27068
27071
27074
27077
27080
27083
27086
27089
27092
27095
27098
27101
27104
27107
27110
27113
27116
27119
27122
27125
27128
27131
27134
27137
27140
27143
27146
27149
27152
27155
27158
27161
27164
27167
27170
27173
27176
27179
27182
27185
27188
27191
27194
27197
27200
27203
27206
27209
27212
27215
27218
27221
27224
27227
27230
27233
27236
27239
27242
27245
27248
27251
27254
27257
27260
27263
27266
27269
27272
27275
27278
27281
27284
27287
27290
27293
27296
27299
27302
27305
27308
27311
27314
27317
27320
27323
27326
27329
27332
27335
27338
27341
27344
27347
27350
27353
27356
27359
27362
27365
27368
27371
27374
27377
27380
27383
27386
27389
27392
27395
27398
27401
27404
27407
27410
27413
27416
27419
27422
27425
27428
27431
27434
27437
27440
27443
27446
27449
27452
27455
27458
27461
27464
27467
27470
27473
27476
27479
27482
27485
27488
27491
27494
27497
27500
27503
27506
27509
27512
27515
27518
27521
27524
27527
27530
27533
27536
27539
27542
27545
27548
27551
27554
27557
27560
27563
27566
27569
27572
27575
27578
27581
27584
27587
27590
27593
27596
27599
27602
27605
27608
27611
27614
27617
27620
27623
27626
27629
27632
27635
27638
27641
27644
27647
27650
27653
27656
27659
27662
27665
27668
27671
27674
27677
27680
27683
27686
27689
27692
27695
27698
27701
27704
27707
27710
27713
27716
27719
27722
27725
27728
27731
27734
27737
27740
27743
27746
27749
27752
27755
27758
27761
27764
27767
27770
27773
27776
27779
27782
27785
27788
27791
27794
27797
27800
27803
27806
27809
27812
27815
27818
27821
27824
27827
27830
27833
27836
27839
27842
27845
27848
27851
27854
27857
27860
27863
27866
27869
27872
27875
27878
27881
27884
27887
27890
27893
27896
27899
27902
27905
27908
27911
27914
27917
27920
27923
27926
27929
27932
27935
27938
27941
27944
27947
27950
27953
27956
27959
27962
27965
27968
27971
27974
27977
27980
27983
27986
27989
27992
27995
27998
28001
28004
28007
28010
28013
28016
28019
28022
28025
28028
28031
28034
28037
28040
28043
28046
28049
28052
28055
28058
28061
28064
28067
28070
28073
28076
28079
28082
28085
28088
28091
28094
28097
28100
28103
28106
28127
28148
28171
28174
28177
28180
28183
28186
28189
28192
28195
28198
28201
28204
28207
28210
28213
28216
28219
28222
28225
28228
28231
28234
28237
28240
28243
28246
28249
28252
28255
28258
28261
28264
28267
28270
28273
28276
28279
28282
28285
28288
28291
28294
28297
28300
28303
28306
28309
28312
28315
28318
28321
28324
28327
28330
28333
28336
28339
28342
28345
28348
28351
28366
28369
28372
28375
28378
28381
28384
28387
28390
28393
28396
28399
28402
28405
28408
28411
28414
28417
28420
28423
28426
28429
28432
28435
28438
28441
28444
28447
28450
28453
28456
28459
28462
28465
28468
28471
28474
28477
28480
28483
28486
28489
28492
28495
28498
28501
28504
28507
28510
28513
28516
28519
28522
28525
28528
28531
28534
28537
28540
28543
28546
28549
28552
28555
28558
28561
28564
28567
28570
28573
28576
28579
28582
28585
28588
28591
28594
28597
28600
28603
28606
28609
28612
28615
28618
28621
28624
28627
28630
28633
28636
28639
28642
28645
28648
28651
28654
28657
28660
28663
28666
28669
28672
28675
28678
28681
28684
28687
28690
28693
28696
28699
28702
28705
28708
28711
28714
28717
28720
28723
28726
28729
28732
28735
28738
28741
28744
28747
28750
28753
28756
28759
28762
28765
28768
28771
28774
28777
28780
28783
28786
28789
28792
28795
28798
28801
28804
28807
28842
28845
28848
28851
28854
28857
28860
28863
28866
28869
28872
28875
28878
28881
28884
28887
28890
28893
28896
28899
28902
28905
28908
28911
28914
28917
28920
28923
28926
28929
28932
28935
28938
28941
28944
28947
28950
28953
28956
28963
28966
28969
28972
28975
28978
28981
28984
28987
28990
28993
28996
28999
29002
29005
29008
29011
29014
29017
29020
29023
29026
29029
29032
29035
29038
29041
29044
29047
29050
29053
29056
29059
29062
29065
29068
29071
29074
29077
29080
29083
29086
29089
29092
29095
29098
29101
29104
29107
29110
29113
29116
29119
29122
29125
29128
29131
29134
29137
29162
29193
29196
29211
29226
29229
29232
29241
29258
29291
29322
29349
29366
29369
29372
29387
29406
29409
29412
29425
29438
29445
29448
29451
29454
29457
29460
29463
29466
29469
29472
29475
29478
29481
29484
29499
29502
29505
29508
29511
29514
29517
29520
29523
29526
29529
29532
29535
29538
29541
29544
29547
29550
29553
29556
29559
29562
29565
29568
29571
29574
29577
29580
29583
29586
29697
29700
29823
29924
30049
30152
30273
30276
30387
30488
30589
30694
30817
30820
30823
30934
31035
31136
31139
31244
31247
31250
31253
31256
31259
31262
31265
31268
31271
31274
31277
31280
31283
31286
31289
31292
31295
31298
31301
31304
31307
31310
31313
31316
31319
31322
31325
31328
31331
31334
31337
31340
31343
31346
31349
31352
31355
31358
31361
31364
31367
31370
31373
31376
31379
31382
31385
31388
31391
31394
31397
31400
31403
31406
31409
31412
31415
31418
31421
31424
31427
31430
31433
31436
31439
31442
31445
31448
31451
31454
31457
31460
31463
31466
31469
31472
31475
31478
31481
31484
31487
31490
31493
31496
31499
31502
31505
31508
31511
31514
31517
31520
31523
31526
31529
31532
31535
31538
31541
31544
31547
31550
31553
31556
31559
31562
31565
31568
31571
31574
31577
31580
31583
31604
31607
31610
31613
31616
31619
31622
31625
31628
31631
31634
31637
31640
31643
31646
31649
31652
31655
31658
31661
31664
31667
31670
31673
31676
31679
31682
31685
31688
31691
31694
31697
31700
31703
31706
31709
31712
31715
31718
31721
31724
31727
31730
31733
31736
31739
31742
31745
31748
31751
31754
31757
31760
31763
31766
31769
31772
31775
31778
31781
31784
31787
31790
31793
31796
31799
31802
31805
31808
31811
31814
31817
31820
31823
31826
31829
31832
31835
31838
31841
31844
31847
31850
31853
31856
31859
31862
31865
31868
31871
31874
31877
31880
31883
31886
31889
31892
31895
31898
31901
31904
31907
31910
31913
31916
31919
31922
31925
31928
31931
31934
31937
31940
31943
31946
31949
31952
31955
31958
31961
31964
31967
31970
31973
31976
31979
31982
31985
31988
31991
31994
31997
32000
32003
32006
32009
32012
32015
32018
32021
32024
32027
32030
32033
32036
32039
32042
32045
32048
32051
32054
32057
32060
32063
32066
32069
32072
32075
32078
32081
32084
32087
32090
32093
32096
32099
32102
32105
32108
32111
32114
32117
32120
32123
32126
32129
32132
32135
32138
32141
32144
32147
32150
32153
32156
32159
32162
32165
32168
32171
32174
32177
32180
32183
32186
32189
32192
32195
32198
32201
32204
32207
32210
32213
32216
32219
32222
32225
32228
32231
32234
32237
32240
32243
32246
32249
32252
32255
32258
32261
32264
32267
32270
32273
32276
32279
32282
32285
32288
32291
32294
32297
32300
32303
32306
32309
32312
32315
32318
32321
32324
32327
32330
32333
32336
32339
32342
32345
32348
32351
32354
32357
32360
32363
32366
32369
32372
32375
32378
32381
32384
32387
32390
32393
32396
32399
32402
32405
32408
32411
32414
32417
32420
32423
32426
32429
32432
32435
32438
32441
32444
32447
32450
32453
32456
32459
32462
32465
32468
32471
32474
32477
32480
32483
32486
32489
32492
32495
32498
32501
32504
32507
32510
32513
32516
32519
32522
32525
32528
32531
32534
32537
32540
32543
32546
32549
32552
32555
32558
32561
32564
32567
32570
32573
32576
32579
32582
32585
32588
32591
32594
32629
32632
32635
32638
32641
32644
32647
32650
32653
32656
32659
32662
32665
32668
32671
32674
32677
32680
32683
32686
32689
32692
32695
32698
32701
32704
32707
32710
32713
32716
32719
32730
32733
32736
32739
32742
32745
32748
32751
32754
32757
32760
32763
32766
32769
32772
32775
32778
32781
32784
32787
32790
32793
32796
32799
32802
32805
32808
32811
32814
32817
32820
32823
32826
32829
32832
32835
32838
32841
32844
32847
32850
32853
32856
32859
32862
32865
32868
32871
32874
32877
32880
32883
32886
32889
32892
32895
32898
32901
32904
32907
32910
32913
32916
32919
32958
32961
32964
32967
32970
32973
32976
32979
32982
32985
32988
32991
32994
32997
33000
33003
33006
33009
33012
33015
33018
33021
33024
33027
33030
33033
33036
33039
33042
33045
33048
33051
33054
33057
33060
33063
33066
33069
33072
33075
33078
33081
33084
33087
33090
33093
33096
33099
33102
33105
33108
33111
33114
33117
33120
33123
33126
33129
33132
33135
33138
33141
33144
33147
33150
33153
33156
33159
33162
33165
33168
33171
33174
33177
33180
33183
33186
33189
33192
33195
33198
33201
33204
33207
33210
33213
33216
33219
33222
33225
33228
33231
33234
33237
33240
33243
33246
33249
33252
33255
33258
33261
33264
33267
33270
33273
33276
33279
33282
33285
33288
33291
33294
33297
33300
33303
33306
33309
33312
33315
33318
33321
33324
33327
33330
33333
33336
33339
33342
33345
33348
33351
33354
33357
33360
33363
33366
33369
33372
33375
33378
33381
33384
33387
33390
33393
33396
33399
33402
33405
33408
33411
33414
33417
33420
33423
33426
33429
33432
33435
33438
33441
33444
33447
33450
33453
33456
33459
33462
33465
33468
33471
33474
33477
33480
33483
33486
33489
33492
33495
33498
33501
33504
33507
33510
33513
33516
33519
33522
33525
33528
33531
33534
33537
33540
33543
33546
33549
33552
33555
33558
33561
33564
33567
33570
33573
33576
33579
33582
33585
33588
33591
33594
33597
33600
33603
33606
33609
33612
33615
33618
33621
33624
33627
33630
33633
33636
33639
33642
33645
33648
33651
33654
33657
33660
33663
33666
33669
33672
33675
33678
33681
33684
33687
33690
33693
33696
33699
33702
33705
33708
33711
33714
33717
33720
33723
33726
33729
33732
33735
33738
33741
33744
33747
33750
33753
33756
33759
33762
33765
33768
33771
33774
33777
33780
33783
33786
33789
33792
33795
33798
33801
33804
33807
33810
33813
33816
33819
33822
33825
33828
33831
33834
33837
33840
33843
33846
33849
33852
33855
33858
33861
33864
33867
33870
33873
33876
33879
33882
33885
33888
33891
33894
33897
33900
33903
33906
33909
33912
33915
33918
33921
33924
33927
33930
33933
33936
33939
33942
33945
33948
33951
33954
33957
33960
33963
33966
33969
33972
33975
33978
33981
33984
33987
33990
33993
33996
33999
34002
34005
34008
34011
34014
34017
34020
34023
34026
34029
34032
34071
34074
34077
34080
34083
34086
34089
34092
34095
34098
34101
34104
34107
34110
34113
34116
34119
34122
34125
34128
34131
34134
34137
34140
34143
34146
34149
34152
34155
34158
34161
34164
34167
34170
34173
34176
34179
34182
34185
34188
34191
34194
34197
34200
34203
34206
34209
34212
34215
34218
34221
34224
34227
34230
34233
34236
34239
34242
34245
34248
34251
34254
34257
34260
34263
34266
34269
34272
34275
34278
34281
34284
34287
34290
34293
34296
34299
34302
34305
34308
34311
34314
34317
34320
34323
34326
34329
34332
34335
34338
34341
34344
34347
34350
34353
34356
34359
34362
34365
34368
34371
34374
34377
34380
34383
34386
34389
34392
34395
34398
34401
34404
34407
34410
34413
34416
34419
34422
34425
34428
34431
34434
34437
34440
34443
34446
34449
34452
34455
34458
34461
34464
34467
34470
34473
34476
34479
34482
34485
34488
34491
34494
34497
34500
34503
34506
34509
34512
34515
34518
34521
34524
34527
34530
34533
34536
34539
34542
34545
34548
34551
34554
34557
34560
34563
34566
34569
34572
34575
34578
34581
34584
34587
34590
34593
34596
34599
34602
34605
34608
34611
34614
34617
34620
34623
34626
34629
34632
34635
34638
34641
34644
34647
34650
34653
34656
34659
34662
34665
34668
34671
34674
34677
34680
34683
34686
34689
34692
34695
34698
34701
34704
34707
34710
34713
34716
34719
34722
34725
34728
34731
34734
34737
34740
34743
34746
34749
34752
34755
34758
34761
34764
34767
34770
34773
34776
34779
34782
34785
34788
34791
34794
34797
34800
34803
34806
34809
34812
34815
34818
34821
34824
34827
34830
34833
34836
34839
34842
34845
34848
34851
34854
34857
34860
34863
34866
34869
34872
34875
34878
34881
34884
34887
34890
34893
34896
34899
34902
34905
34908
34911
34914
34917
34920
34923
34926
34929
34932
34935
34938
34941
34944
34947
34950
34953
34956
34959
34962
34965
34968
34971
34974
34977
34980
34983
34986
34989
34992
34995
34998
35001
35004
35007
35010
35013
35016
35019
35022
35025
35028
35031
35034
35037
35040
35043
35046
35049
35052
35055
35058
35061
35064
35067
35070
35073
35076
35079
35082
35085
35088
35091
35094
35097
35100
35103
35106
35109
35112
35115
35118
35121
35124
35127
35130
35133
35136
35139
35142
35145
35148
35151
35154
35157
35160
35163
35166
35169
35172
35175
35178
35181
35184
35187
35190
35193
35196
35199
35202
35205
35208
35211
35214
35217
35220
35223
35226
35229
35232
35235
35238
35241
35244
35247
35250
35253
35256
35259
35262
35265
35268
35271
35274
35277
35280
35283
35286
35289
35292
35295
35298
35301
35304
35307
35310
35313
35316
35319
35322
35325
35328
35331
35334
35337
35340
35343
35346
35349
35352
35355
35358
35361
35364
35367
35370
35373
35376
35379
35382
35385
35388
35391
35394
35397
35400
35403
35406
35409
35412
35415
35418
35421
35424
35427
35430
35433
35436
35439
35442
35445
35448
35451
35454
35457
35460
35463
35466
35469
35472
35475
35478
35481
35484
35487
35490
35493
35496
35499
35502
35505
35508
35511
35514
35517
35520
35523
35526
35529
35532
35535
35538
35541
35544
35547
35550
35553
35556
35559
35562
35565
35568
35571
35574
35577
35580
35583
35586
35589
35592
35595
35610
35625
35628
35631
35634
35637
35640
35643
35646
35649
35652
35655
35658
35661
35664
35667
35670
35673
35676
35679
35682
35685
35688
35691
35694
35697
35700
35703
35706
35709
35712
35715
35718
35721
35724
35727
35730
35733
35736
35739
35742
35745
35748
35751
35754
35757
35760
35763
35766
35769
35772
35775
35778
35787
35790
35793
35796
35799
35802
35805
35808
35811
35814
35817
35820
35823
35826
35829
35832
35835
35838
35841
35844
35847
35850
35853
35856
35859
35862
35865
35868
35871
35874
35877
35880
35883
35886
35889
35892
35895
35898
35901
35904
35907
35910
35913
35916
35919
35922
35925
35928
35931
35934
35937
35940
35943
35946
35949
35952
35955
35958
35961
35964
35967
35970
35973
35976
35979
35982
35985
35988
35991
35994
35997
36000
36003
36006
36009
36012
36015
36018
36021
36024
36027
36030
36033
36036
36039
36042
36045
36048
36051
36054
36057
36060
36063
36066
36069
36072
36075
36078
36081
36084
36087
36090
36093
36096
36099
36102
36105
36108
36111
36114
36117
36120
36123
36126
36129
36132
36135
36138
36141
36144
36147
36150
36153
36156
36159
36162
36165
36168
36171
36174
36177
36180
36183
36186
36189
36192
36195
36198
36201
36204
36207
36210
36213
36216
36219
36222
36225
36228
36231
36234
36237
36240
36243
36246
36249
36252
36255
36258
36261
36264
36267
36270
36273
36276
36279
36282
36285
36288
36291
36294
36297
36300
36303
36306
36309
36312
36315
36318
36321
36324
36327
36330
36333
36336
36339
36342
36345
36348
36351
36354
36367
36370
36373
36376
36379
36382
36385
36388
36391
36394
36397
36400
36403
36406
36409
36412
36415
36418
36421
36424
36427
36430
36433
36436
36439
36442
36445
36448
36451
36454
36457
36460
36463
36466
36469
36472
36475
36478
36481
36484
36487
36490
36493
36496
36499
36502
36505
36508
36511
36514
36517
36520
36523
36526
36529
36532
36535
36538
36541
36544
36547
36550
36553
36556
36575
36578
36581
36584
36587
36590
36593
36596
36599
36602
36605
36608
36611
36614
36617
36620
36623
36626
36629
36632
36635
36638
36641
36644
36647
36650
36653
36656
36659
36662
36665
36668
36671
36674
36677
36680
36683
36686
36689
36692
36695
36698
36701
36704
36707
36710
36713
36716
36719
36722
36725
36728
36731
36734
36737
36740
36743
36746
36749
36752
36755
36758
36761
36764
36767
36770
36773
36776
36779
36782
36785
36788
36791
36794
36797
36826
36829
36832
36835
36864
36867
36870
36873
36876
36879
36882
36885
37074
37077
37080
37083
37086
37089
37092
37095
37098
37101
37104
37107
37110
37113
37116
37119
37122
37125
