0
19
56
59
62
65
78
81
84
87
102
105
108
111
114
117
120
123
126
129
132
135
138
141
144
147
174
177
180
183
186
189
192
195
198
201
204
207
210
213
216
219
222
225
228
231
234
241
244
263
282
285
292
299
314
321
328
335
338
341
362
365
368
371
374
377
380
383
386
391
394
397
400
403
420
423
426
429
432
435
438
441
444
447
450
453
456
459
462
465
468
471
474
477
480
483
486
489
500
503
506
509
512
515
518
523
526
547
550
579
582
585
588
591
594
597
600
603
606
609
624
627
630
633
650
653
656
697
728
731
734
737
740
743
746
781
784
787
800
827
830
833
836
839
864
867
870
873
918
921
970
983
986
989
992
995
998
1001
1004
1027
1030
1033
1036
1039
1042
1045
1048
1051
1054
1057
1060
1063
1066
1087
1090
1103
1116
1119
1122
1125
1128
1131
1168
1171
1174
1177
1180
1193
1208
1211
1214
1217
1220
1223
1226
1229
1232
1235
1238
1241
1244
1247
1250
1253
1256
1259
1262
1265
1268
1271
1274
1287
1290
1293
1296
1299
1302
1305
1308
1329
1332
1335
1338
1341
1344
1347
1350
1353
1356
1359
1362
1377
1380
1383
1386
1389
1392
1395
1398
1401
1404
1407
1410
1413
1416
1419
1422
1425
1428
1431
1434
1437
1440
1443
1446
1449
1452
1455
1476
1479
1482
1485
1488
1491
1494
1497
1500
1529
1570
1573
1576
1579
1582
1641
1644
1647
1650
1653
1656
1659
1662
1701
1704
1707
1710
1731
1734
1737
1740
1743
1746
1749
1752
1755
1758
1761
1764
1767
1770
1773
1776
1779
1782
1785
1788
1791
1794
1797
1800
1803
1806
1809
1812
1815
1818
1821
1824
1827
1830
1833
1836
1839
1842
1845
1848
1851
1854
1857
1860
1863
1866
1869
1872
1875
1878
1881
1884
1887
1890
1893
1896
1899
1902
1905
1908
1911
1914
1917
1920
1923
1926
1941
1944
1947
1950
1965
1968
1971
1974
1977
1980
1983
1986
2001
2004
2007
2010
2013
2034
2037
2074
2077
2080
2083
2086
2089
2092
2115
2140
2143
2166
2169
2192
2225
2228
2231
2234
2259
2262
2287
2308
2329
2342
2367
2380
2405
2432
2459
2462
2465
2468
2471
2474
2485
2488
2491
2512
2515
2518
2521
2538
2541
2544
2547
2604
2617
2620
2623
2626
2629
2650
2653
2656
2659
2696
2717
2720
2723
2726
2729
2732
2735
2738
2741
2744
2747
2754
2757
2760
2763
2766
2769
2772
2803
2830
2833
2868
2895
2912
2915
2930
2933
2952
2955
2964
2967
2970
2973
2976
3013
3062
3091
3116
3119
3122
3125
3128
3131
3134
3137
3158
3161
3164
3167
3170
3173
3176
3179
3182
3199
3202
3223
3226
3229
3232
3235
3238
3241
3244
3247
3250
3253
3274
3301
3326
3351
3354
3397
3400
3403
3406
3409
3432
3459
3478
3497
3522
3533
3550
3583
3586
3589
3628
3631
3634
3661
3676
3701
3710
3753
3772
3795
3832
3847
3850
3873
3876
3879
3882
3897
3900
3921
3924
3957
3960
3963
3984
4047
4050
4053
4056
4059
4062
4065
4068
4071
4086
4107
4110
4113
4116
4119
4148
4215
4218
4221
4224
4227
4230
4251
4254
4257
4260
4263
4266
4269
4272
4275
4278
4281
4302
4305
4308
4311
4314
4317
4320
4323
4326
4329
4332
4335
4338
4341
4344
4347
4350
4361
4396
4419
4422
4425
4428
4489
4492
4499
4508
4511
4514
4517
4526
4569
4572
4575
4582
4585
4588
4591
4676
4683
4686
4689
4692
4695
4716
4719
4722
4745
4748
4751
4754
4757
4770
4773
4776
4797
4800
4803
4806
4809
4826
4829
4832
4835
4838
4843
4864
4867
4870
4873
4876
4879
4882
4885
4888
4891
4908
4935
4938
4945
4952
4955
4958
4961
4964
4967
4970
4973
4994
4997
5000
5003
5006
5009
5012
5015
5018
5021
5024
5027
5030
5033
5036
5051
5066
5069
5104
5139
5142
5145
5148
5151
5174
5185
5188
5191
5194
5197
5200
5203
5206
5209
5212
5215
5218
5247
5290
5293
5296
5299
5302
5305
5308
5311
5314
5317
5320
5323
5326
5329
5332
5335
5338
5341
5344
5347
5380
5383
5390
5397
5400
5407
5410
5413
5416
5419
5422
5447
5450
5453
5456
5459
5468
5471
5474
5477
5480
5483
5486
5495
5498
5501
5504
5507
5518
5521
5562
5565
5568
5571
5574
5577
5580
5583
5592
5595
5618
5621
5624
5635
5638
5641
5644
5647
5650
5653
5656
5659
5662
5689
5692
5695
5698
5701
5704
5707
5710
5713
5716
5719
5722
5725
5728
5731
5734
5737
5746
5753
5760
5769
5776
5783
5786
5799
5802
5805
5808
5829
5850
5871
5892
5913
5934
5937
5958
5979
5982
6003
6024
6045
6066
6087
6108
6125
6128
6145
6148
6161
6190
6199
6212
6215
6218
6221
6224
6227
6230
6233
6236
6239
6242
6245
6248
6263
6266
6269
6284
6287
6290
6293
6296
6299
6302
6305
6308
6311
6314
6321
6324
6327
6330
6337
6340
6353
6356
6359
6362
6365
6368
6371
6382
6385
6388
6391
6394
6397
6462
6465
6468
6471
6484
6491
6494
6515
6536
6545
6548
6559
6562
6565
6568
6571
6574
6577
6580
6583
6586
6589
6592
6595
6598
6601
6604
6607
6610
6613
6616
6619
6622
6625
6628
6631
6658
6661
6674
6685
6698
6701
6704
6719
6734
6737
6740
6747
6750
6753
6756
6799
6806
6813
6820
6827
6830
6833
6836
6839
6842
6845
6848
6851
6854
6857
6860
6863
6866
6869
6882
6885
6888
6891
6898
6927
6930
6933
6936
6939
6942
6963
6966
6969
6972
6975
6978
6981
7004
7007
7018
7027
7046
7055
7058
7061
7064
7067
7070
7073
7084
7087
7090
7107
7110
7113
7116
7119
7122
7125
7128
7131
7154
7231
7234
7237
7240
7243
7256
7259
7262
7265
7268
7271
7274
7277
7280
7283
7286
7289
7292
7295
7298
7301
7304
7307
7310
7313
7578
7581
7584
7587
7590
7609
7628
7631
7634
7637
7640
7643
7646
7649
7652
7655
7658
7661
7664
7667
7678
7681
7684
7687
7690
7693
7696
7699
7702
7705
7708
7711
7714
7717
7720
7773
7776
7779
7782
7785
7788
7791
7794
7797
7808
7817
7820
7823
7826
7829
7832
7843
7846
7849
7852
7855
7858
7861
7864
7867
7922
7951
7954
7957
7960
7963
7966
7969
7972
7975
7978
7985
7992
7999
8002
8005
8008
8011
8014
8017
8020
8023
8026
8083
8140
8143
8158
8161
8164
8167
8170
8173
8176
8179
8182
8185
8236
8287
8290
8293
8326
8359
8362
8365
8386
8389
8392
8395
8398
8439
8442
8465
8468
8471
8474
8477
8480
8483
8486
8489
8492
8547
8554
8557
8560
8599
8602
8605
8608
8611
8614
8617
8620
8633
8636
8639
8642
8645
8648
8651
8654
8657
8726
8729
8732
8735
8738
8757
8768
8771
8774
8777
8780
8783
8786
8789
8792
8795
8798
8801
8804
8813
8816
8819
8822
8825
8828
8831
8834
8837
8876
8895
8898
8901
8968
8971
8974
8977
8980
8983
8986
8995
9004
9031
9040
9067
9070
9085
9088
9097
9100
9103
9106
9109
9112
9123
9126
9129
9132
9135
9138
9141
9144
9147
9150
9159
9186
9199
9208
9217
9220
9223
9240
9249
9252
9261
9264
9267
9270
9315
9380
9383
9386
9389
9392
9429
9432
9435
9438
9441
9450
9453
9456
9459
9462
9465
9468
9471
9474
9477
9480
9497
9530
9533
9536
9539
9542
9545
9556
9559
9562
9565
9568
9571
9574
9587
9590
9593
9596
9599
9642
9645
9648
9651
9654
9657
9660
9663
9666
9669
9672
9695
9698
9717
9736
9753
9756
9759
9762
9795
9798
9801
9804
9807
9810
9813
9816
9819
9822
9825
9828
9831
9834
9837
9840
9843
9910
9913
9916
9919
9922
9925
9928
9931
9934
9937
9940
9943
9970
9981
9984
9987
9990
9993
9996
9999
10002
10005
10008
10011
10034
10037
10040
10043
10046
10049
10052
10055
10058
10061
10064
10067
10070
10073
10076
10079
10082
10085
10088
10091
10094
10097
10100
10103
10106
10109
10126
10129
10132
10135
10138
10141
10144
10147
10150
10153
10156
10159
10162
10165
10168
10171
10174
10177
10180
10183
10186
10189
10192
10195
10198
10201
10204
10207
10210
10213
10216
10251
10254
10257
10260
10263
10266
10269
10272
10275
10278
10281
10294
10297
10300
10303
10306
10309
10312
10315
10318
10321
10324
10327
10330
10333
10336
10339
10342
10345
10348
10351
10354
10357
10360
10363
10366
10369
10372
10375
10378
10381
10384
10387
10390
10393
10396
10399
10402
10405
10408
10411
10414
10417
10444
10447
10450
10453
10456
10459
10462
10465
10468
10471
10474
10477
10480
10483
10486
10489
10492
10495
10498
10501
10504
10507
10510
10513
10516
10519
10522
10525
10528
10531
10534
10537
10540
10543
10546
10549
10552
10555
10558
10561
10564
10603
10606
10611
10614
10617
10620
10623
10626
10629
10632
10635
10662
10677
10702
10711
10714
10843
10846
10849
10860
10863
10866
10869
10872
10875
10882
10899
10960
10963
10974
10977
10980
10983
10986
10989
10992
10995
10998
11001
11004
11007
11070
11073
11076
11079
11082
11085
11088
11091
11094
11097
11176
11179
11182
11185
11188
11191
11196
11199
11204
11207
11210
11229
11232
11255
11258
11261
11264
11267
11270
11273
11276
11279
11282
11313
11336
11347
11358
11389
11402
11415
11418
11445
11448
11451
11454
11457
11460
11463
11466
11469
11472
11475
11478
11481
11484
11487
11490
11493
11496
11499
11502
11505
11508
11511
11514
11517
11520
11523
11526
11529
11532
11535
11538
11541
11544
11547
11550
11553
11556
11569
11572
11575
11578
11581
11584
11587
11590
11593
11596
11599
11602
11605
11608
11637
11640
11643
11646
11649
11652
11655
11658
11661
11664
11667
11670
11673
11710
11713
11716
11719
11752
11755
11758
11761
11786
11789
11792
11815
11818
11821
11834
11837
11882
11885
11888
11891
11920
11923
11926
11929
11932
11935
11938
11997
12000
12033
12036
12039
12048
12051
12054
12057
12060
12063
12066
12069
12072
12075
12078
12081
12084
12087
12090
12117
12120
12123
12126
12129
12132
12149
12152
12167
12170
12173
12176
12179
12206
12209
12212
12215
12218
12221
12224
12227
12230
12233
12236
12239
12242
12245
12248
12251
12254
12257
12260
12263
12266
12269
12272
12275
12278
12281
12284
12287
12290
12293
12296
12299
12302
12305
12322
12325
12328
12331
12334
12337
12340
12343
12346
12349
12352
12359
12362
12365
12368
12371
12374
12377
12380
12383
12386
12389
12392
12395
12398
12401
12404
12407
12410
12413
12416
12419
12422
12425
12428
12431
12434
12437
12440
12443
12460
12463
12476
12479
12482
12485
12488
12491
12494
12497
12500
12503
12506
12509
12512
12515
12518
12521
12524
12527
12530
12533
12536
12539
12542
12545
12548
12551
12554
12557
12560
12563
12598
12601
12604
12607
12610
12613
12616
12619
12622
12645
12648
12651
12654
12657
12660
12663
12666
12693
12696
12699
12702
12719
12722
12725
12728
12731
12734
12737
12740
12743
12746
12749
12752
12755
12758
12761
12764
12767
12770
12773
12776
12779
12782
12785
12788
12791
12794
12797
12800
12803
12806
12809
12812
12815
12818
12821
12824
12827
12830
12833
12836
12839
12842
12845
12848
12851
12854
12857
12860
12863
12866
12869
12872
12875
12878
12881
12884
12919
12922
12925
12928
12931
12934
12937
12940
12943
12964
12967
12970
12973
12976
12979
12992
12995
12998
13001
13004
13007
13010
13013
13016
13019
13022
13025
13028
13031
13034
13037
13040
13043
13046
13049
13064
13067
13070
13073
13076
13079
13082
13085
13088
13091
13094
13097
13100
13103
13106
13109
13112
13115
13118
13121
13124
13127
13134
13137
13140
13143
13146
13149
13240
13243
13246
13249
13252
13255
13258
13261
13264
13267
13270
13273
13276
13279
13282
13289
13292
13295
13298
13301
13304
13307
13310
13313
13320
13323
13326
13329
13332
13335
13338
13341
13344
13347
13350
13353
13356
13359
13362
13369
13376
13379
13382
13413
13416
13419
13422
13425
13428
13431
13434
13437
13440
13443
13446
13449
13452
13455
13458
13461
13468
13471
13478
13481
13488
13495
13498
13501
13504
13507
13510
13517
13520
13523
13526
13539
13542
13545
13548
13551
13554
13557
13560
13563
13566
13595
13598
13601
13604
13607
13610
13613
13616
13619
13622
13625
13628
13631
13634
13637
13640
13643
13646
13649
13652
13655
13658
13661
13664
13667
13670
13673
13676
13679
13688
13697
13720
13729
13738
13741
13744
13753
13772
13853
13856
13859
13884
13893
13896
13899
13902
13905
13908
13911
13914
13917
13920
13923
13926
13929
13932
13935
13938
13941
13944
13947
13950
13953
13956
13959
13962
13965
13968
13971
13974
13977
13980
13983
13988
13991
13994
13997
14000
14003
14006
14009
14012
14015
14018
14021
14024
14027
14030
14033
14036
14039
14042
14045
14048
14051
14054
14057
14060
14083
14086
14089
14092
14095
14098
14101
14104
14107
14110
14113
14116
14119
14122
14135
14138
14141
14144
14153
14162
14165
14168
14171
14174
14177
14180
14183
14186
14189
14192
14195
14198
14201
14204
14207
14210
14213
14216
14219
14222
14225
14228
14239
14242
14249
14252
14255
14258
14261
14264
14267
14270
14273
14276
14279
14296
14299
14302
14305
14330
14333
14336
14339
14424
14427
14430
14433
14436
14439
14442
14451
14454
14457
14460
14463
14466
14469
14472
14475
14478
14481
14494
14501
14512
14515
14522
14529
14532
14535
14538
14553
14556
14559
14562
14565
14568
14571
14574
14577
14580
14583
14586
14589
14592
14595
14598
14601
14604
14607
14610
14613
14616
14619
14654
14657
14660
14663
14666
14671
14674
14677
14680
14683
14686
14689
14692
14695
14698
14701
14704
14707
14710
14713
14716
14727
14730
14733
14736
14739
14742
14767
14770
14773
14776
14779
14782
14785
14788
14791
14794
14797
14800
14803
14806
14809
14812
14815
14818
14833
14836
14839
14842
14845
14848
14851
14908
14919
14922
14933
14936
14939
14974
14977
14980
14983
14986
14989
14992
14995
14998
15001
15004
15007
15010
15023
15026
15029
15068
15121
15124
15127
15130
15133
15136
15139
15142
15145
15148
15151
15154
15167
15170
15173
15176
15179
15182
15185
15188
15191
15194
15197
15200
15203
15206
15209
15212
15215
15218
15221
15224
15227
15230
15233
15236
15239
15242
15245
15248
15251
15254
15257
15260
15263
15266
15299
15302
15305
15308
15313
15316
15319
15322
15325
15328
15331
15334
15337
15340
15343
15346
15349
15352
15355
15358
15361
15364
15367
15380
15383
15396
15403
15406
15409
15412
15415
15418
15427
15436
15439
15442
15445
15454
15461
15464
15467
15470
15473
15476
15479
15484
15489
15492
15499
15506
15513
15520
15523
15526
15533
15536
15539
15542
15545
15548
15551
15554
15557
15560
15563
15566
15569
15572
15575
15578
15581
15584
15587
15596
15599
15618
15625
15702
15705
15708
15711
15714
15717
15720
15723
15726
15729
15732
15735
15738
15741
15744
15747
15750
15753
15756
15759
15762
15765
15768
15771
15774
15777
15780
15783
15786
15789
15792
15799
15802
15805
15808
15823
15850
15853
15860
15863
15866
15869
15872
15875
15878
15909
15912
15915
15918
15921
15924
15927
15930
15933
15936
15939
15942
15945
15948
15951
15954
15957
15960
15963
15966
15969
15972
15975
15978
15981
15984
15987
15990
15993
15996
15999
16002
16005
16008
16011
16014
16017
16020
16023
16026
16029
16032
16035
16038
16041
16044
16047
16050
16053
16056
16059
16062
16065
16068
16071
16074
16077
16080
16083
16086
16089
16092
16095
16098
16101
16104
16107
16110
16113
16116
16119
16122
16125
16128
16131
16134
16137
16140
16231
16234
16237
16240
16243
16246
16249
16262
16275
16278
16281
16284
16287
16290
16293
16296
16299
16302
16305
16308
16311
16314
16317
16320
16323
16326
16329
16332
16335
16338
16347
16350
16353
16356
16359
16362
16365
16368
16371
16374
16377
16380
16383
16386
16389
16398
16407
16410
16413
16438
16441
16444
16469
16472
16475
16478
16481
16484
16487
16490
16493
16496
16503
16506
16513
16520
16523
16526
16529
16556
16559
16562
16565
16568
16571
16574
16577
16580
16583
16586
16589
16592
16633
16674
16681
16688
16695
16698
16705
16712
16719
16722
16729
16736
16765
16768
16771
16774
16943
16946
16949
16952
16955
16958
16961
16964
16967
16970
16975
16980
16983
16986
16989
16992
16995
16998
17009
17020
17023
17026
17029
17032
17039
17084
17087
17090
17093
17098
17103
17106
17109
17112
17115
17150
17221
17332
17335
17366
17369
17456
17509
17538
17605
17654
17809
17812
17887
17890
17947
18012
18015
18084
18133
18232
18273
18318
18321
18324
18327
18330
18333
18336
18339
18348
18351
18376
18401
18404
18407
18410
18417
18424
18435
18446
18449
18452
18455
18458
18461
18464
18467
18470
18473
18476
18479
18486
18489
18496
18499
18502
18523
18526
18529
18532
18535
18538
18541
18544
18547
18550
18553
18556
18559
18568
18571
18574
18577
18580
18583
18586
18589
18592
18595
18598
18601
18604
18607
18610
18613
18616
18619
18622
18625
18628
18637
18640
18643
18646
18649
18652
18655
18658
18661
18664
18667
18670
18673
18678
18683
18688
18691
18708
18711
18714
18717
18720
18723
18726
18805
18808
18831
18854
18857
18860
18863
18866
18869
18874
18877
18880
18885
18888
18891
18894
18897
18900
18903
18906
18909
18912
18915
18918
18921
18924
18927
18930
18933
18936
18939
18942
18945
18948
18951
18954
18957
18960
18963
18966
18969
18972
18975
18978
18981
18984
18987
18990
18993
18996
18999
19002
19005
19008
19011
19014
19017
19020
19023
19026
19029
19032
19035
19038
19041
19044
19047
19050
19053
19060
19067
19074
19081
19084
19091
19094
19097
19100
19103
19106
19109
19112
19115
19118
19121
19124
19127
19130
19133
19136
19139
19142
19145
19148
19151
19154
19157
19160
19187
19190
19193
19196
19199
19202
19205
19208
19211
19214
19217
19220
19223
19226
19229
19232
19235
19238
19247
19250
19253
19256
19259
19262
19265
19320
19323
19326
19329
19332
19335
19338
19341
19344
19347
19350
19353
19356
19359
19362
19365
19368
19371
19374
19377
19380
19383
19386
19389
19392
19395
19398
19401
19404
19407
19414
19417
19424
19431
19438
19445
19452
19455
19462
19469
19476
19483
19486
19493
19500
19507
19514
19521
19528
19531
19534
19541
19548
19551
19558
19565
19572
19579
19586
19593
19600
19603
19610
19617
19620
19627
19634
19641
19648
19655
19662
19669
19676
19679
19686
19689
19696
19703
19710
19717
19724
19731
19738
19745
19752
19755
19758
19761
19768
19775
19782
19789
19796
19803
19810
19817
19824
19831
19834
19837
19844
19851
19858
19865
19872
19879
19886
19893
19896
19899
19902
19905
19908
19911
19914
19917
19920
19923
19932
19955
19962
19971
19980
20057
20060
20069
20088
20097
20100
20103
20106
20109
20112
20115
20118
20133
20136
20139
20142
20145
20148
20151
20154
20157
20160
20163
20166
20169
20172
20175
20184
20187
20190
20193
20196
20199
20202
20205
20208
20211
20214
20217
20220
20223
20226
20229
20232
20235
20238
20241
20244
20247
20250
20253
20256
20259
20272
20275
20278
20281
20284
20287
20290
20293
20296
20299
20302
20305
20308
20311
20314
20317
20322
20327
20330
20333
20336
20339
20342
20345
20348
20351
20358
20361
20364
20367
20370
20373
20376
20379
20382
20385
20388
20391
20394
20397
20400
20415
20418
20421
20424
20427
20430
20433
20436
20439
20442
20445
20448
20451
20454
20457
20466
20469
20472
20475
20478
20513
20582
20585
20588
20591
20594
20597
20600
20623
20626
20629
20632
20635
20682
20701
20704
20707
20720
20781
20784
20787
20790
20793
20804
20807
20810
20813
20816
20819
20822
20825
20828
20831
20834
20837
20840
20843
20846
20849
20852
20855
20858
20861
20864
20867
20870
20873
20876
20879
20892
20895
20898
20905
20908
20927
20946
20965
20984
21003
21022
21025
21044
21063
21082
21101
21104
21123
21142
21145
21148
21151
21154
21157
21160
21163
21166
21169
21172
21175
21178
21181
21184
21201
21204
21207
21210
21213
21216
21219
21222
21225
21228
21231
21234
21237
21242
21247
21252
21257
21262
21267
21272
21275
21280
21285
21288
21293
21298
21303
21308
21315
21318
21321
21324
21375
21378
21381
21384
21387
21390
21393
21396
21399
21402
21405
21410
21413
21416
21419
21422
21425
21434
21437
21440
21443
21446
21453
21456
21459
21462
21465
21482
21491
21500
21517
21552
21555
21580
21615
21618
21621
21644
21665
21686
21689
21692
21695
21698
21703
21730
21733
21736
21739
21744
21751
21758
21761
21768
21797
21800
21803
21816
21819
21822
21825
21844
21853
21876
21897
21910
21941
21978
21981
21984
21987
22034
22037
22040
22043
22048
22057
22060
22063
22070
22089
22092
22095
22104
22107
22110
22113
22148
22151
22154
22157
22160
22163
22166
22169
22172
22175
22178
22181
22184
22187
22190
22193
22196
22199
22202
22205
22208
22211
22214
22217
22220
22303
22306
22309
22312
22315
22318
22321
22324
22327
22330
22333
22336
22339
22342
22345
22348
22351
22354
22357
22392
22395
22402
22421
22424
22427
22430
22433
22436
22439
22442
22445
22448
22451
22454
22463
22466
22469
22472
22475
22478
22481
22484
22487
22490
22493
22496
22499
22502
22505
22508
22511
22514
22517
22520
22535
22542
22549
22552
22555
22558
22561
22566
22569
22598
22601
22616
22619
22622
22625
22638
22679
22682
22685
22688
22691
22694
22729
22732
22759
22762
22765
22768
22771
22774
22777
22780
22783
22786
22789
22792
22795
22798
22801
22804
22807
22810
22813
22816
22819
22822
22825
22866
22869
22872
22875
22878
22881
22884
22887
22890
22893
22896
22899
22902
22917
22920
22923
22926
22929
22952
23035
23106
23109
23134
23137
23140
23163
23186
23219
23244
23269
23290
23311
23336
23339
23342
23369
23396
23399
23420
23423
23440
23443
23446
23449
23452
23455
23458
23461
23464
23495
23522
23557
23576
23579
23604
23607
23610
23613
23646
23649
23652
23691
23694
23721
23736
23761
23770
23773
23810
23813
23828
23831
23834
23837
23840
23903
23932
23935
23938
23941
23944
23947
23950
23953
23956
23959
23962
23965
23968
23971
23974
23977
23980
23983
23986
24021
24044
24047
24080
24083
24086
24089
24092
24095
24098
24101
24104
24107
24110
24113
24116
24157
24160
24163
24166
24169
24172
24175
24178
24181
24184
24193
24200
24203
24224
24245
24266
24287
24308
24329
24332
24353
24374
24395
24398
24419
24440
24461
24482
24503
24520
24537
24618
24621
24634
24637
24650
24653
24656
24659
24662
24665
24668
24671
24674
24677
24680
24683
24686
24689
24692
24695
24698
24701
24704
24707
24714
24717
24720
24723
24726
24729
24740
24743
24746
24753
24756
24777
24780
24789
24792
24795
24798
24801
24804
24807
24834
24841
24844
24847
24850
24853
24856
24859
24862
24865
24868
24871
24874
24877
24880
24883
24886
24889
24892
24895
24898
24901
24904
24907
24910
24929
24968
24987
24990
24993
24996
24999
25002
25005
25008
25011
25014
25037
25048
25051
25054
25057
25060
25063
25066
25123
25180
25231
25234
25285
25318
25351
25372
25375
25378
25381
25384
25387
25390
25393
25396
25399
25402
25405
25408
25411
25414
25417
25472
25475
25478
25481
25500
25503
25506
25545
25564
25567
25576
25659
25662
25665
25680
25683
25710
25723
25732
25741
25758
25767
25770
25779
25782
25785
25788
25791
25794
25839
25842
25879
25882
25899
25932
25935
25938
25941
25980
25985
25988
25991
25994
26021
26036
26061
26064
26067
26076
26137
26140
26143
26206
26285
26288
26293
26298
26301
26304
26307
26310
26313
26316
26347
26370
26381
26392
26423
26436
26439
26442
26455
26484
26521
26524
26557
26582
26605
26650
26679
26706
26765
26798
26801
26810
26813
26816
26819
26822
26825
26828
26831
26834
26837
26840
26843
26850
26853
26856
26891
26894
26917
26920
26923
26940
26975
26978
26981
26996
26999
27002
27005
27008
27011
27014
27017
27020
27023
27026
27029
27032
27035
27038
27041
27044
27047
27050
27053
27056
27059
27062
27065
27068
27071
27098
27101
27104
27107
27110
27117
27120
27123
27126
27133
27136
27139
27142
27145
27148
27151
27158
27161
27164
27171
27174
27177
27180
27183
27186
27189
27192
27195
27204
27207
27210
27213
27222
27231
27234
27237
27240
27243
27246
27249
27252
27255
27258
27261
27264
27267
27270
27273
27276
27283
27290
27293
27296
27299
27302
27305
27308
27311
27314
27317
27320
27323
27326
27329
27332
27335
27338
27341
27344
27347
27350
27353
27356
27359
27372
27375
27378
27381
27384
27387
27390
27393
27396
27399
27402
27405
27408
27411
27414
27417
27420
27423
27426
27439
27446
27449
27452
27461
27468
27471
27480
27483
27486
27489
27492
27495
27498
27501
27504
27513
27522
27525
27528
27531
27534
27537
27540
27581
27622
27651
27654
27659
27662
27665
27692
27695
27700
27705
27708
27711
27714
27749
27780
27849
27852
27855
27858
27867
27870
27873
27876
27879
27882
27885
27888
27891
27894
27897
27900
27903
27906
27913
27920
27923
27926
27929
27932
27935
27938
27947
27950
27953
27956
27959
27962
27965
27968
27971
27974
27977
27980
27983
27986
27989
27992
27995
28018
28021
28026
28029
28034
28037
28040
28043
28046
28049
28052
28055
28058
28061
28064
28067
28070
28073
28076
28079
28094
28097
28100
28103
28106
28127
28130
28133
28136
28139
28142
28151
28154
28157
28160
28163
28166
28169
28172
28195
28198
28245
28306
28309
28312
28323
28326
28329
28332
28335
28338
28341
28344
28347
28350
28353
28356
28359
28362
28365
28368
28371
28374
28381
28400
28403
28406
28409
28412
28439
28442
28445
28448
28451
28454
28457
28460
28463
28466
28469
28472
28475
28484
28487
28490
28493
28496
28499
28506
28509
28512
28515
28518
28535
28544
28553
28570
28573
28608
28611
28636
28671
28694
28697
28718
28739
28742
28745
28752
28755
28758
28777
28790
28827
28830
28833
28842
28845
28852
28871
28880
28883
28886
28889
28892
28895
28930
28933
28936
28939
28942
28945
28948
28951
28970
28973
28976
28991
29078
29093
29112
29123
29126
29129
29146
29149
29152
29155
29158
29169
29172
29195
29198
29201
29204
29207
29210
29213
29216
29219
29222
29225
29228
29231
29234
29241
29248
29251
29258
29261
29268
29275
29282
29285
29288
29291
29294
29297
29300
29303
29306
29309
29312
29315
29318
29321
29324
29381
29384
29387
29390
29393
29396
29399
29402
29413
29416
29419
29422
29425
29428
29431
29434
29437
29462
29473
29482
29485
29494
29497
29500
29503
29506
29509
29512
29515
29518
29557
29560
29563
29566
29569
29572
29575
29578
29581
29584
29587
29590
29593
29596
29599
29602
29605
29608
29611
29614
29617
29620
29623
29626
29629
29632
29635
29638
29641
29662
29665
29668
29671
29674
29677
29680
29683
29686
29693
29696
29699
29702
29705
29708
29711
29714
29719
29722
29727
29732
29737
29742
29745
29750
29755
29760
29765
29770
29773
29778
29783
29788
29791
29794
29797
29800
29827
29830
29833
29836
29839
29842
29845
29848
29851
29854
29857
29860
29863
29866
29869
29872
29877
29880
29887
29894
29897
29904
29907
29914
29917
29920
29961
29964
29967
29970
29973
29976
29979
29982
29985
29988
29991
29994
29997
30000
30003
30006
30009
30012
30015
30018
30021
30024
30027
30030
30033
30036
30039
30042
30045
30048
30051
30054
30057
30060
30063
30066
30069
30072
30075
30078
30081
30084
30087
30090
30093
30096
30099
30102
30105
30108
30111
30114
30117
30120
30123
30126
30129
30132
30135
30138
30141
30144
30147
30150
30153
30156
30159
30162
30165
30168
30171
30174
30177
30180
30183
30186
30189
30192
30195
30198
30213
30216
30219
30222
30225
30228
30231
30254
30261
30298
30301
30304
30307
30310
30313
30316
30319
30322
30325
30328
30331
30342
30345
30348
30351
30354
30357
30360
30363
30366
30369
30372
30375
30378
30381
30384
30387
30390
30393
30396
30399
30402
30405
30408
30411
30414
30417
30420
30423
30426
30429
30432
30435
30438
30441
30444
30451
30470
30473
30476
30479
30486
30493
30500
30503
30524
30527
30530
30533
30536
30539
30542
30545
30548
30551
30556
30559
30562
30565
30582
30585
30588
30591
30594
30597
30600
30603
30606
30609
30612
30615
30618
30621
30676
30703
30706
30709
30712
30715
30718
30721
30724
30727
30730
30733
30736
30739
30750
30753
30756
30759
30762
30781
30784
30787
30790
30793
30796
30799
30816
30837
30840
30843
30846
30849
30854
30857
30860
30863
30866
30869
30886
30917
30920
30923
30948
30951
30954
30957
30960
30963
30966
30969
30972
30975
30978
30981
30984
30987
30990
30993
30996
30999
31002
31005
31008
31011
31014
31035
31038
31041
31054
31057
31060
31063
31066
31069
31106
31109
31112
31115
31118
31121
31136
31151
31154
31157
31160
31163
31166
31169
31172
31175
31178
31181
31184
31187
31190
31193
31196
31199
31202
31205
31208
31211
31214
31217
31220
31223
31226
31253
31256
31259
31262
31265
31268
31289
31292
31295
31298
31301
31304
31307
31310
31313
31316
31319
31334
31337
31340
31343
31346
31349
31352
31355
31358
31361
31364
31367
31370
31373
31376
31379
31382
31385
31388
31423
31426
31429
31432
31435
31456
31459
31462
31465
31468
31497
31500
31503
31506
31509
31512
31515
31518
31521
31524
31527
31530
31533
31536
31539
31560
31563
31566
31569
31572
31575
31578
31581
31584
31587
31590
31593
31596
31599
31602
31605
31608
31611
31614
31617
31620
31623
31626
31629
31632
31635
31638
31641
31644
31647
31650
31653
31656
31659
31662
31665
31668
31671
31674
31677
31680
31683
31686
31689
31692
31695
31698
31701
31704
31707
31710
31713
31716
31719
31722
31737
31740
31743
31746
31749
31752
31823
31826
31829
31832
31835
31838
31853
31856
31859
31862
31865
31886
31889
31892
31895
31898
31901
31904
31907
31910
31913
31916
31919
31922
31925
31930
31933
31936
31939
31942
31945
31948
31951
31954
31957
31960
31973
31976
31979
31982
31985
31988
32009
32012
32015
32018
32055
32058
32061
32064
32067
32070
32073
32076
32079
32082
32085
32088
32091
32094
32097
32112
32115
32118
32121
32124
32127
32130
32133
32182
32185
32214
32217
32220
32223
32226
32229
32232
32235
32238
32241
32244
32247
32250
32253
32256
32259
32262
32265
32282
32285
32288
32291
32294
32297
32300
32303
32306
32309
32312
32315
32318
32321
32324
32327
32354
32381
32406
32431
32434
32437
32480
32483
32486
32489
32492
32495
32498
32553
32556
32559
32562
32585
32604
32623
32626
32651
32654
32671
32690
32713
32716
32719
32734
32755
32758
32795
32798
32831
32834
32837
32840
32843
32846
32849
32852
32855
32858
32861
32876
32879
32882
32885
32888
32891
32894
32897
32900
32903
32906
32909
32912
32915
32918
32921
32924
32927
32930
32933
32936
32939
32942
32945
32948
32951
32954
32957
32960
32963
32966
32969
32972
32975
32978
32981
32984
32987
32990
32993
32996
33047
33080
33083
33086
33089
33092
33095
33098
33101
33104
33107
33110
33113
33116
33119
33122
33125
33128
33131
33134
33137
33160
33163
33166
33169
33172
33175
33178
33181
33184
33187
33190
33193
33196
33199
33202
33263
33266
33269
33272
33275
33278
33281
33284
33287
33318
33321
33324
33327
33330
33333
33340
33349
33352
33355
33368
33371
33378
33381
33384
33389
33432
33435
33442
33445
33448
33451
33536
33543
33546
33549
33552
33555
33558
33561
33564
33587
33590
33593
33596
33599
33602
33605
33618
33621
33624
33627
33630
33647
33650
33659
33662
33665
33692
33695
33698
33701
33724
33727
33750
33753
33756
33783
33786
33791
33794
33797
33800
33803
33806
33809
33812
33815
33818
33835
33838
33845
33848
33855
33858
33861
33864
33867
33870
33873
33876
33879
33886
33889
33892
33895
33898
33901
33904
33907
33910
33913
33916
33919
33922
33925
34008
34011
34026
34041
34044
34047
34050
34085
34088
34091
34094
34105
34108
34111
34114
34117
34120
34123
34126
34129
34132
34135
34138
34141
34144
34147
34150
34157
34160
34163
34166
34169
34172
34175
34178
34181
34184
34187
34190
34193
34196
34199
34202
34205
34208
34211
34214
34217
34220
34223
34226
34229
34232
34235
34238
34245
34252
34259
34266
34269
34272
34275
34278
34281
34284
34287
34290
34315
34318
34321
34324
34327
34330
34333
34336
34339
34342
34351
34354
34357
34360
34369
34372
34375
34386
34389
34392
34395
34398
34401
34404
34407
34410
34413
34434
34441
34450
34457
34464
34467
34470
34483
34486
34489
34504
34507
34510
34513
34516
34519
34522
34525
34528
34531
34534
34537
34540
34543
34546
34549
34552
34555
34558
34641
34644
34647
34650
34669
34682
34685
34688
34691
34694
34697
34700
34765
34768
34771
34778
34781
34794
34807
34828
34831
34842
34845
34848
34851
34854
34857
34860
34863
34866
34869
34872
34875
34878
34881
34884
34887
34890
34893
34896
34899
34902
34905
34908
34911
34914
34917
34920
34923
34926
34929
34932
34935
34938
34941
34944
34947
34950
34953
34956
34959
34962
34965
34968
34971
34974
34977
34980
34993
35006
35009
35012
35015
35030
35045
35048
35051
35054
35061
35068
35071
35074
35077
35080
35083
35090
35097
35100
35107
35114
35117
35120
35123
35126
35129
35132
35135
35138
35141
35144
35147
35150
35153
35156
35159
35162
35165
35172
35179
35186
35193
35196
35203
35210
35217
35220
35227
35234
35241
35248
35255
35258
35261
35344
35347
35350
35377
35380
35383
35386
35389
35392
35395
35398
35401
35412
35421
35424
35427
35436
35439
35442
35445
35448
35451
35454
35457
35460
35463
35466
35469
35472
35475
35478
35481
35484
35487
35490
35493
35496
35499
35576
35579
35582
35585
35598
35601
35604
35607
35610
35613
35616
35619
35622
35625
35628
35631
35648
35665
35686
35707
35730
35733
35756
35779
35802
35805
35812
35819
35822
35825
35828
35851
35854
35877
35880
35883
35886
35889
35892
35895
35898
35901
35904
35907
35910
35913
35916
35919
35922
35925
35928
35947
35966
35969
35972
35975
35978
35981
35984
35987
35990
35993
35996
35999
36002
36005
36008
36019
36022
36025
36028
36031
36034
36037
36040
36043
36050
36053
36056
36059
36062
36065
36068
36071
36074
36077
36112
36115
36118
36121
36124
36127
36130
36133
36136
36139
36142
36195
36198
36201
36204
36207
36210
36213
36224
36233
36242
36245
36248
36251
36254
36257
36260
36263
36266
36269
36272
36275
36278
36281
36284
36287
36290
36293
36296
36299
36302
36305
36308
36311
36314
36317
36320
36323
36326
36329
36332
36335
36338
36341
36344
36347
36350
36353
36356
36363
36370
36377
36380
36387
36390
36393
36396
36399
36402
36405
36408
36411
36414
36417
36420
36423
36426
36429
36432
36435
36438
36441
36444
36447
36450
36453
36456
36459
36462
36465
36486
36489
36492
36495
36498
36501
36504
36507
36510
36513
36516
36519
36556
36559
36562
36565
36568
36571
36574
36577
36580
36583
36586
36589
36592
36595
36598
36601
36604
36607
36610
36613
36616
36685
36720
36723
36754
36757
36760
36763
36774
36777
36780
36783
36786
36789
36792
36795
36798
36801
36804
36807
36810
36813
36816
36819
36822
36825
36828
36831
36834
36837
36840
36843
36846
36849
36852
36855
36858
36925
36928
36931
36934
36937
36940
36943
36946
36955
36958
36961
36964
36967
36970
36973
36984
36987
36990
36993
36996
36999
37002
37005
37008
37011
37020
37023
37026
37029
37094
37097
37100
37103
37106
37109
37112
37115
37118
37121
37124
37127
37130
37133
37136
37139
37148
37151
37154
37157
37160
37163
37166
37169
37172
37179
37182
37185
37188
37205
37238
37241
37244
37247
37250
37253
37256
37259
37262
37265
37268
37271
37274
37277
37280
37283
37286
37289
37292
37295
37298
37301
37304
37307
37310
37313
37316
37319
37322
37325
37328
37369
37372
37375
37378
37381
37384
37387
37390
37393
37396
37399
37402
37405
37408
37411
37414
37417
37420
37423
37426
37429
37432
37435
37438
37441
37444
37447
37450
37453
37456
37479
37482
37501
37520
37523
37526
37529
37532
37535
37538
37541
37544
37547
37550
37553
37556
37559
37562
37565
37568
37571
37574
37577
37580
37583
37586
37589
37592
37595
37598
37601
37604
37607
37610
37613
37616
37619
37622
37625
37628
37631
37634
37637
37640
37643
37650
37653
37656
37659
37662
37665
37668
37671
37674
37677
37680
37683
37722
37725
37728
37731
37734
37737
37740
37743
37746
37749
37752
37755
37758
37761
37764
37767
37770
37773
37776
37779
37782
37785
37788
37791
37794
37797
37800
37803
37806
37809
37812
37815
37818
37821
37824
37827
37892
37895
37898
37901
37904
37907
37910
37913
37916
37919
37922
37925
37928
37931
37934
37937
37940
37943
37946
37949
37952
37955
37958
37961
37964
37967
37970
37973
37976
37979
37982
37985
37988
37991
37994
37997
38000
38003
38006
38009
38012
38015
38018
38021
38024
38027
38030
38033
38036
38039
38042
38045
38048
38051
38054
38057
38060
38063
38066
38069
38072
38075
38078
38085
38088
38091
38094
38097
38100
38103
38106
38109
38112
38115
38118
38121
38124
38127
38130
38133
38136
38139
38142
38145
38148
38151
38154
38157
38160
38163
38166
38169
38172
38175
38178
38181
38184
38187
38190
38193
38196
38199
38202
38205
38208
38211
38214
38217
38220
38223
38226
38229
38232
38235
38238
38241
38244
38247
38250
38253
38256
38259
38262
38309
38312
38315
38318
38321
38324
38327
38330
38333
38336
38339
38342
38345
38348
38351
38354
38357
38360
38363
38366
38369
38372
38375
38378
38381
38384
38387
38390
38393
38396
38399
38402
38405
38408
38411
38414
38417
38420
38423
38426
38429
38432
38435
38438
38441
38444
38447
38450
38453
38456
38459
38466
38469
38472
38475
38478
38481
38484
38487
38490
38493
38496
38499
38522
38525
38528
38531
38534
38537
38540
38543
38546
38549
38552
38555
38558
38561
38564
38567
38570
38573
38576
38579
38582
38585
38588
38591
38594
38723
38726
38737
38740
38743
38746
38749
38756
38759
38776
38787
38790
38793
38796
38799
38802
38805
38808
38811
38838
38841
38844
38847
38850
38853
38856
38859
38862
38865
38868
38871
38874
38877
38880
38883
38936
38939
38942
38945
38948
38967
38970
38973
38996
38999
39002
39005
39018
39021
39024
39027
39030
39033
39036
39039
39042
39045
39048
39051
39054
39057
39060
39063
39066
39069
39072
39075
39078
39081
39084
39087
39090
39093
39096
39103
39106
39109
39112
39115
39118
39121
39124
39127
39130
39133
39136
39139
39142
39145
39148
39151
39154
39157
39160
39163
39166
39169
39172
39175
39178
39181
39184
39187
39190
39193
39196
39199
39202
39205
39208
39211
39214
39217
39220
39223
39226
39229
39232
39235
39238
39241
39244
39247
39250
39253
39256
39259
39262
39265
39268
39271
39274
39277
39280
39283
39286
39289
39292
39295
39298
39301
39304
39307
39310
39313
39316
39319
39322
39325
39328
39331
39334
39337
39354
39357
39372
39375
39378
39457
39460
39463
39466
39469
39472
39475
39478
39481
39484
39487
39490
39493
39496
39499
39502
39529
39532
39535
39538
39541
39544
39547
39550
39553
39556
39573
39580
39583
39586
39589
39592
39595
39598
39601
39604
39607
39610
39613
39616
39619
39622
39625
39628
39631
39634
39637
39640
39643
39646
39649
39652
39655
39658
39661
39664
39667
39670
39673
39676
39679
39682
39685
39688
39691
39694
39697
39714
39717
39720
39723
39726
39729
39732
39735
39738
39741
39744
39747
39750
39753
39756
39759
39762
39765
39768
39771
39774
39777
39780
39783
39786
39789
39792
39795
39798
39801
39804
39807
39810
39813
39816
39819
39822
39825
39828
39831
39834
39837
39840
39843
39846
39849
39852
39855
39858
39861
39864
39867
39870
39873
39876
39879
39936
39939
39942
39945
39948
39951
39954
39957
39960
39963
39966
39969
39972
39975
39978
39985
39988
39991
39994
39997
40000
40003
40006
40009
40012
40015
40018
40021
40024
40027
40030
40033
40036
40039
40042
40045
40048
40051
40054
40057
40060
40063
40066
40069
40072
40075
40078
40081
40084
40087
40090
40093
40096
40099
40102
40105
40126
40129
40132
40135
40138
40141
40144
40147
40150
40153
40156
40159
40162
40165
40168
40171
40174
40177
40180
40183
40186
40189
40192
40195
40198
40201
40204
40207
40210
40213
40220
40223
40226
40229
40232
40235
40238
40241
40244
40247
40250
40253
40256
40259
40262
40265
40268
40271
40274
40277
40280
40283
40286
40289
40292
40295
40298
40301
40304
40307
40310
40313
40320
40323
40326
40329
40360
40439
40442
40445
40452
40455
40458
40461
40464
40467
40470
40473
40476
40479
40482
40485
40488
40491
40494
40497
40500
40503
40506
40509
40516
40523
40530
40533
40536
40543
40546
40549
40552
40555
40562
40565
40568
40571
40574
40577
40580
40583
40586
40589
40592
40595
40598
40627
40630
40633
40636
40639
40642
40645
40648
40651
40654
40657
40660
40663
40666
40669
40672
40675
40678
40681
40684
40687
40690
40693
40696
40699
40702
40705
40708
40711
40714
40717
40720
40723
40726
40729
40732
40741
40764
40773
40782
40785
40788
40797
40816
40819
40844
40847
40856
40859
40862
40865
40868
40871
40874
40877
40880
40883
40886
40889
40892
40895
40898
40901
40904
40931
40934
40949
40952
41077
41080
41083
41110
41113
41116
41119
41122
41125
41128
41207
41210
41231
41234
41237
41240
41245
41248
41251
41254
41257
41260
41263
41266
41269
41272
41275
41278
41281
41284
41287
41290
41293
41296
41299
41302
41305
41308
41311
41334
41337
41340
41343
41346
41349
41352
41355
41358
41361
41364
41367
41370
41373
41376
41379
41382
41385
41388
41391
41394
41397
41400
41403
41406
41409
41412
41415
41418
41421
41424
41427
41430
41433
41436
41439
41442
41445
41448
41451
41454
41457
41460
41463
41466
41469
41472
41475
41478
41481
41484
41487
41490
41493
41496
41499
41510
41513
41516
41523
41526
41529
41532
41535
41538
41541
41558
41583
41586
41589
41592
41595
41598
41603
41606
41609
41620
41623
41626
41635
41638
41641
41644
41647
41650
41653
41656
41659
41672
41679
41686
41693
41700
41707
41714
41793
41796
41799
41806
41813
41820
41827
41834
41841
41848
41859
41862
41865
41868
41871
41886
41889
41892
41895
41898
41901
41904
41907
41910
41913
41916
41919
41922
41925
41928
41931
41934
41937
41940
41943
41946
41949
41952
41955
41958
41963
41966
41969
41972
41975
41978
41981
41984
41987
41990
41993
41996
41999
42002
42005
42008
42011
42022
42025
42028
42031
42034
42037
42040
42043
42046
42049
42052
42055
42058
42061
42086
42089
42092
42095
42098
42101
42104
42107
42110
42113
42128
42131
42188
42199
42202
42205
42216
42219
42226
42229
42232
42267
42270
42273
42276
42279
42282
42285
42288
42291
42294
42297
42300
42303
42306
42319
42332
42335
42338
42341
42344
42347
42350
42353
42356
42359
42362
42365
42368
42371
42374
42377
42380
42417
42486
42489
42492
42495
42498
42501
42504
42507
42510
42513
42516
42519
42522
42525
42528
42531
42534
42567
42570
42573
42576
42581
42584
42587
42590
42593
42596
42599
42602
42605
42608
42611
42614
42617
42620
42623
42626
42629
42632
42635
42638
42641
42644
42647
42650
42657
42660
42663
42666
42669
42672
42675
42678
42681
42684
42693
42702
42705
42708
42711
42714
42717
42720
42723
42726
42729
42732
42735
42738
42743
42748
42755
42762
42765
42772
42809
42812
42819
42822
42825
42832
42835
42838
42841
42844
42847
42850
42853
42856
42859
42862
42865
42868
42871
42874
42877
42880
42883
42886
42889
42892
42895
42898
42901
42904
42907
42910
42929
42936
42939
42942
42945
42948
42951
42954
42957
42960
42963
42966
42969
42972
42975
42978
43081
43084
43087
43090
43093
43096
43099
43102
43105
43108
43111
43114
43117
43120
43123
43126
43129
43132
43135
43138
43141
43144
43151
43158
43165
43168
43175
43182
43189
43196
43199
43206
43213
43220
43227
43234
43241
43244
43251
43254
43257
43260
43263
43278
43305
43312
43315
43318
43321
43324
43355
43358
43361
43364
43367
43370
43373
43376
43379
43382
43385
43388
43391
43398
43401
43404
43407
43410
43413
43416
43419
43422
43425
43428
43431
43434
43437
43440
43443
43446
43449
43452
43455
43458
43461
43464
43467
43470
43473
43476
43479
43482
43485
43488
43491
43494
43497
43500
43503
43506
43509
43512
43515
43518
43521
43524
43527
43530
43533
43536
43539
43542
43545
43548
43551
43554
43557
43560
43563
43584
43587
43590
43593
43612
43615
43618
43621
43624
43627
43630
43633
43636
43639
43642
43655
43668
43671
43674
43677
43680
43683
43686
43689
43692
43695
43698
43701
43704
43707
43710
43713
43716
43719
43722
43725
43728
43731
43734
43737
43740
43743
43746
43749
43752
43755
43758
43761
43764
43767
43770
43773
43776
43779
43782
43789
43792
43795
43798
43801
43810
43813
43838
43841
43866
43869
43872
43875
43878
43881
43884
43887
43890
43893
43896
43899
43906
43913
43916
43919
43926
43933
43940
43947
43954
43961
43968
43975
43982
43985
43992
43995
44002
44009
44016
44023
44026
44029
44032
44035
44038
44041
44044
44047
44050
44053
44056
44059
44062
44069
44076
44079
44086
44093
44100
44103
44110
44117
44124
44127
44130
44133
44136
44139
44308
44311
44314
44333
44336
44339
44342
44345
44348
44351
44354
44357
44362
44365
44368
44371
44374
44385
44396
44399
44402
44407
44410
44413
44416
44419
44422
44425
44428
44431
44438
44441
44448
44455
44462
44469
44476
44483
44490
44497
44500
44507
44528
44531
44538
44541
44544
44547
44618
44729
44760
44847
44900
44903
44906
44935
45002
45051
45206
45281
45338
45403
45406
45455
45554
45557
45560
45601
45646
45649
45652
45655
45658
45661
45664
45667
45670
45673
45676
45679
45682
45685
45688
45691
45694
45697
45700
45703
45706
45709
45712
45737
45762
45765
45768
45775
45782
45793
45796
45807
45810
45813
45816
45819
45840
45843
45846
45849
45852
45855
45858
45861
45864
45867
45870
45873
45876
45879
45882
45885
45888
45891
45894
45897
45900
45903
45930
45933
45936
45939
45942
45945
45948
45951
45954
45957
45960
45965
45970
45973
45978
45983
45986
45991
45996
45999
46002
46019
46022
46025
46028
46031
46054
46073
46076
46079
46082
46085
46088
46091
46094
46097
46100
46103
46106
46109
46112
46115
46118
46121
46124
46127
46130
46133
46136
46139
46142
46145
46148
46151
46154
46157
46160
46163
46166
46169
46172
46175
46178
46181
46184
46187
46190
46193
46196
46199
46202
46205
46212
46215
46218
46221
46224
46227
46230
46233
46236
46239
46242
46249
46252
46255
46258
46261
46264
46267
46274
46281
46288
46295
46302
46309
46312
46315
46318
46321
46324
46327
46330
46333
46336
46363
46376
46379
46382
46385
46388
46391
46394
46397
46400
46403
46406
46409
46412
46415
46418
46421
46424
46451
46454
46457
46460
46467
46470
46473
46476
46479
46482
46485
46488
46491
46494
46497
46514
46521
46524
46527
46530
46533
46542
46545
46548
46551
46554
46557
46564
46567
46570
46573
46576
46579
46582
46585
46588
46591
46594
46601
46604
46607
46610
46613
46616
46619
46622
46627
46632
46637
46644
46649
46652
46657
46662
46667
46672
46677
46682
46687
46692
46699
46704
46711
46714
46717
46720
46723
46726
46729
46732
46735
46742
46745
46748
46751
46754
46757
46760
46763
46768
46771
46774
46781
46784
46787
46790
46793
46796
46799
46802
46805
46808
46811
46818
46821
46824
46827
46830
46833
46836
46839
46842
46845
46848
46855
46862
46869
46876
46883
46890
46897
46900
46907
46914
46921
46924
46931
46938
46945
46952
46959
46966
46973
47000
47003
47006
47009
47016
47019
47026
47033
47040
47047
47054
47061
47068
47075
47078
47085
47092
47099
47106
47113
47120
47127
47134
47141
47148
47155
47162
47165
47172
47179
47186
47193
47200
47207
47214
47221
47228
47235
47242
47245
47252
47259
47266
47273
47280
47287
47294
47301
47308
47315
47322
47325
47332
47339
47346
47353
47360
47367
47374
47381
47388
47395
47398
47401
47404
47407
47410
47413
47416
47419
47426
47429
47432
47435
47438
47441
47444
47447
47456
47479
47488
47495
47504
47513
47532
47541
47544
47547
47550
47553
47558
47561
47568
47571
47574
47577
47580
47583
47586
47589
47592
47595
47598
47605
47608
47611
47614
47629
47644
47647
47650
47653
47656
47659
47672
47675
47678
47681
47684
47687
47690
47693
47696
47699
47726
47729
47736
47739
47748
47751
47754
47757
47760
47763
47766
47769
47772
47779
47782
47785
47788
47791
47794
47797
47800
47803
47806
47809
47816
47819
47822
47825
47828
47831
47834
47837
47840
47843
47846
47853
47856
47869
47872
47875
47878
47881
47884
47887
47890
47893
47900
47903
47906
47909
47912
47915
47918
47921
47924
47927
47930
47933
47936
47941
47946
47949
47952
47955
47958
47961
47964
47971
47986
47989
47992
47995
47998
48001
48004
48007
48010
48013
48016
48019
48022
48025
48028
48031
48034
48037
48040
48043
48046
48049
48078
48087
48090
48105
48168
48171
48190
48219
48222
48225
48228
48231
48258
48265
48268
48271
48274
48281
48284
48287
48290
48293
48296
48331
48334
48337
48340
48343
48370
48373
48376
48379
48382
48385
48388
48391
48394
48397
48400
48403
48406
48443
48450
48495
48498
48517
48520
48523
48526
48539
48542
48545
48548
48551
48554
48557
48560
48563
48566
48569
48572
48575
48578
48581
48584
48587
48590
48593
48596
48599
48602
48605
48608
48611
48614
48617
48620
48623
48626
48629
48632
48635
48638
48641
48644
48647
48650
48653
48656
48717
48720
48799
48832
48835
48838
48845
48848
48867
48886
48905
48908
48911
48930
48949
48968
48987
49006
49025
49044
49063
49082
49101
49104
49107
49126
49145
49164
49183
49202
49221
49240
49259
49278
49299
49302
49321
49324
49343
49362
49381
49400
49419
49438
49457
49476
49479
49498
49517
49576
49579
49598
49617
49636
49655
49674
49693
49696
49715
49734
49753
49772
49775
49794
49813
49832
49851
49870
49873
49892
49911
49930
49949
49968
49971
49990
50009
50028
50047
50050
50069
50088
50107
50126
50145
50164
50167
50186
50205
50224
50227
50246
50265
50284
50303
50322
50341
50360
50363
50382
50401
50404
50423
50442
50461
50480
50499
50518
50537
50556
50559
50578
50581
50600
50619
50638
50657
50676
50695
50714
50733
50752
50755
50758
50777
50796
50815
50834
50853
50872
50891
50910
50929
50948
50951
50954
50973
50992
51011
51030
51049
51068
51087
51106
51125
51144
51147
51166
51169
51188
51207
51226
51245
51264
51283
51302
51321
51324
51343
51362
51365
51384
51403
51422
51441
51460
51479
51498
51501
51520
51539
51558
51617
51640
51643
51662
51681
51700
51719
51722
51741
51760
51779
51798
51817
51836
51839
51858
51877
51896
51899
51918
51937
51956
51975
51994
52013
52032
52035
52054
52073
52076
52095
52114
52133
52152
52171
52190
52209
52228
52231
52250
52253
52272
52291
52310
52329
52348
52367
52386
52405
52424
52427
52430
52449
52468
52487
52506
52525
52544
52563
52582
52601
52620
52623
52626
52645
52664
52683
52702
52721
52740
52759
52778
52797
52800
52819
52822
52841
52860
52879
52898
52917
52936
52955
52974
52991
52994
53013
53032
53035
53054
53073
53092
53111
53130
53149
53168
53171
53190
53209
53228
53231
53250
53269
53288
53307
53326
53345
53348
53367
53386
53405
53424
53427
53446
53465
53484
53503
53522
53525
53544
53563
53582
53601
53620
53647
53650
53669
53688
53707
53710
53729
53748
53767
53786
53805
53824
53843
53846
53865
53884
53887
53906
53925
53944
53963
53982
54001
54020
54039
54042
54061
54064
54083
54102
54121
54140
54159
54178
54197
54216
54235
54238
54241
54260
54279
54298
54317
54336
54355
54374
54393
54412
54431
54434
54437
54456
54475
54494
54513
54532
54551
54570
54589
54608
54611
54630
54633
54652
54671
54690
54709
54728
54747
54766
54785
54788
54791
54810
54829
54832
54851
54870
54889
54908
54927
54946
54965
54968
54987
55006
55025
55028
55047
55066
55085
55104
55123
55142
55145
55164
55183
55202
55221
55224
55243
55262
55281
55300
55319
55322
55341
55360
55379
55398
55417
55420
55439
55458
55477
55496
55499
55518
55537
55556
55575
55594
55613
55640
55643
55662
55681
55684
55703
55722
55741
55760
55779
55798
55817
55836
55839
55858
55861
55880
55899
55918
55937
55956
55975
55994
56013
56032
56035
56038
56057
56076
56095
56114
56133
56152
56171
56190
56209
56228
56231
56234
56253
56272
56291
56310
56329
56348
56367
56386
56405
56408
56427
56430
56449
56468
56487
56506
56525
56544
56563
56582
56585
56588
56607
56626
56629
56648
56667
56686
56705
56724
56743
56762
56785
56804
56823
56842
56845
56864
56883
56902
56921
56940
56959
56962
56981
57000
57019
57038
57041
57060
57079
57098
57117
57136
57139
57158
57177
57196
57215
57234
57237
57256
57275
57294
57313
57316
57335
57354
57373
57392
57411
57430
57433
57452
57471
57490
57493
57512
57531
57550
57569
57588
57607
57626
57653
57656
57675
57678
57697
57716
57735
57754
57773
57792
57811
57830
57849
57852
57887
57906
57925
57944
57963
57982
58001
58020
58039
58058
58077
58080
58083
58102
58121
58140
58159
58178
58197
58216
58235
58254
58257
58276
58279
58298
58317
58336
58355
58374
58393
58412
58431
58434
58441
58460
58479
58482
58501
58520
58539
58558
58577
58596
58615
58622
58641
58660
58679
58682
58701
58720
58739
58758
58777
58796
58803
58822
58841
58860
58879
58882
58901
58920
58939
58958
58977
58984
59003
59022
59041
59060
59079
59082
59101
59120
59139
59158
59165
59184
59203
59222
59241
59260
59279
59282
59301
59320
59339
59346
59365
59384
59403
59422
59441
59460
59479
59482
59501
59520
59561
59580
59599
59618
59637
59656
59675
59694
59713
59740
59743
59750
59769
59788
59807
59826
59845
59864
59883
59902
59921
59940
59943
59946
59965
59984
59987
60044
60047
60050
60053
60056
60059
60062
60085
60088
60111
60114
60117
60120
60123
60126
60129
60132
60135
60138
60141
60160
60179
60198
60217
60236
60255
60274
60277
60296
60299
60318
60337
60356
60375
60394
60413
60432
60451
60470
60473
60476
60495
60514
60533
60552
60571
60590
60609
60628
60647
60666
60669
60672
60691
60710
60729
60748
60767
60786
60805
60824
60843
60846
60865
60868
60887
60906
60925
60944
60963
60982
61001
61020
61023
61042
61061
61064
61083
61102
61121
61140
61159
61178
61197
61200
61219
61238
61257
61260
61279
61298
61317
61336
61355
61374
61399
61418
61437
61456
61475
61502
61505
61524
61543
61562
61581
61584
61603
61622
61641
61660
61679
61698
61701
61720
61739
61758
61761
61780
61799
61818
61837
61856
61875
61894
61897
61916
61935
61938
61941
61960
61979
61998
62017
62036
62055
62074
62093
62096
62115
62118
62137
62156
62175
62194
62213
62232
62251
62270
62273
62276
62279
62282
62285
62288
62291
62294
62297
62300
62317
62320
62323
62326
62329
62336
62343
62350
62369
62376
62379
62382
62385
62388
62391
62394
62397
62400
62403
62406
62409
62412
62415
62458
62501
62504
62507
62516
62519
62522
62525
62542
62545
62548
62551
62554
62565
62568
62571
62574
62579
62606
62611
62618
62625
62628
62657
62660
62663
62666
62669
62672
62681
62704
62725
62756
62803
62806
62809
62814
62851
62854
62857
62860
62863
62866
62869
62872
62875
62878
62881
62884
62887
62890
62893
62896
62931
62934
62937
62940
62943
62946
62949
62952
62955
62958
62961
62964
62967
62970
62977
62980
63005
63008
63011
63014
63017
63020
63023
63026
63029
63032
63035
63046
63049
63052
63055
63058
63061
63064
63067
63070
63073
63076
63095
63098
63101
63104
63107
63110
63113
63116
63119
63122
63125
63146
63149
63152
63155
63158
63161
63164
63167
63170
63173
63176
63185
63188
63191
63194
63197
63200
63203
63206
63209
63212
63215
63224
63227
63230
63233
63236
63239
63242
63245
63248
63259
63262
63265
63268
63271
63274
63283
63286
63289
63292
63295
63298
63301
63304
63307
63310
63313
63340
63343
63346
63349
63352
63361
63364
63367
63370
63373
63376
63379
63382
63385
63388
63391
63394
63397
63400
63403
63406
63415
63418
63421
63424
63427
63430
63433
63436
63439
63442
63445
63448
63451
63454
63457
63460
63463
63466
63469
63472
63475
63520
63523
63526
63529
63532
63535
63538
63541
63544
63547
63550
63553
63556
63559
63562
63565
63568
63571
63574
63577
63580
63583
63590
63593
63596
63599
63602
63605
63608
63611
63614
63617
63620
63623
63626
63629
63632
63635
63638
63641
63644
63647
63650
63653
63656
63659
63662
63665
63668
63671
63674
63677
63680
63683
63686
63689
63692
63695
63698
63705
63708
63711
63718
63721
63724
63727
63730
63733
63770
63773
63782
63799
63834
63837
63868
63871
63874
63877
63880
63917
63920
63923
63926
63929
63932
63935
63938
63941
63968
63971
63974
64039
64042
64045
64048
64051
64058
64065
64074
64083
64086
64095
64098
64107
64124
64127
64130
64133
64136
64139
64142
64163
64166
64169
64172
64221
64224
64227
64230
64233
64236
64239
64242
64245
64248
64251
64254
64261
64264
64267
64270
64273
64276
64279
64292
64295
64298
64301
64304
64309
64312
64319
64322
64325
64328
64369
64372
64375
64378
64381
64384
64387
64390
64403
64406
64409
64412
64415
64418
64421
64424
64427
64514
64533
64546
64549
64552
64555
64558
64561
64564
64567
64570
64573
64576
64579
64582
64597
64600
64603
64606
64609
64612
64615
64618
64621
64624
64627
64634
64647
64656
64659
64662
64665
64668
64671
64674
64677
64680
64683
64686
64689
64692
64695
64698
64701
64714
64717
64720
64723
64726
64729
64732
64735
64738
64741
64744
64747
64750
64753
