0
3
6
9
12
15
18
21
24
27
30
33
36
39
42
45
48
51
54
57
60
63
66
69
72
75
78
81
84
87
90
93
96
99
102
105
108
111
114
117
120
123
126
129
132
135
138
141
144
147
150
153
156
159
162
165
168
171
174
177
180
183
186
189
192
195
198
201
204
207
210
213
216
219
222
225
228
231
234
237
240
243
246
249
252
255
258
261
264
267
270
273
276
279
282
285
288
291
294
297
300
303
306
309
312
315
318
321
324
327
330
333
336
339
342
345
348
351
354
357
360
363
366
369
372
375
378
381
384
387
390
393
396
399
402
405
408
411
414
417
420
423
426
429
432
435
438
441
444
447
450
453
456
459
462
465
468
471
474
477
480
483
486
489
492
495
498
501
504
507
510
513
516
519
522
525
528
531
534
537
540
543
546
549
552
555
558
561
564
567
570
573
576
579
582
585
588
591
594
597
600
603
606
609
612
615
618
621
624
627
630
633
636
639
642
645
648
651
654
657
660
663
666
669
672
675
678
681
684
687
690
693
696
699
702
705
708
711
714
717
720
723
726
729
732
735
738
741
744
747
750
753
756
759
762
765
768
771
774
777
780
783
786
789
792
795
798
801
804
807
810
813
816
819
822
825
828
831
834
837
840
843
846
849
852
855
858
861
864
867
870
873
876
879
882
885
888
891
894
897
900
903
906
909
912
915
918
921
924
927
930
933
936
939
942
945
948
951
954
957
960
963
966
969
972
975
978
981
984
987
990
993
996
999
1002
1005
1008
1011
1014
1017
1020
1023
1026
1029
1032
1035
1038
1041
1044
1047
1050
1053
1056
1059
1062
1065
1068
1071
1074
1077
1080
1083
1086
1089
1092
1095
1098
1101
1104
1107
1110
1113
1116
1119
1122
1125
1128
1131
1134
1137
1140
1143
1146
1149
1152
1155
1158
1161
1164
1167
1170
1173
1176
1179
1182
1185
1188
1191
1194
1197
1200
1203
1206
1209
1212
1215
1218
1221
1224
1227
1230
1233
1236
1239
1242
1245
1248
1251
1254
1257
1260
1263
1266
1269
1272
1275
1278
1281
1284
1287
1290
1293
1296
1299
1302
1305
1308
1311
1314
1317
1320
1323
1326
1329
1332
1335
1338
1341
1344
1347
1350
1353
1356
1359
1362
1365
1368
1371
1374
1377
1380
1383
1386
1389
1392
1395
1398
1401
1404
1407
1410
1413
1416
1419
1422
1425
1428
1431
1434
1437
1440
1443
1446
1449
1452
1455
1458
1461
1464
1467
1470
1473
1476
1479
1482
1485
1488
1491
1494
1497
1500
1503
1506
1509
1512
1515
1518
1521
1524
1527
1530
1533
1536
1539
1542
1545
1548
1551
1554
1557
1560
1563
1566
1569
1572
1575
1578
1581
1584
1587
1590
1593
1596
1599
1602
1605
1608
1611
1614
1617
1620
1623
1626
1629
1632
1635
1638
1641
1644
1647
1650
1653
1656
1659
1662
1665
1668
1671
1674
1677
1680
1683
1686
1689
1692
1695
1698
1701
1704
1707
1710
1713
1716
1719
1722
1725
1728
1731
1734
1737
1740
1743
1746
1749
1752
1755
1758
1761
1764
1767
1770
1773
1776
1779
1782
1785
1788
1791
1794
1797
1800
1803
1806
1809
1812
1815
1818
1821
1824
1827
1830
1833
1836
1839
1842
1845
1848
1851
1854
1857
1860
1863
1866
1869
1872
1875
1878
1881
1884
1887
1890
1893
1896
1899
1902
1905
1908
1911
1914
1917
1920
1923
1926
1929
1932
1935
1938
1941
1944
1947
1950
1953
1956
1959
1962
1965
1968
1971
1974
1977
1980
1983
1986
1989
1992
1995
1998
2001
2004
2007
2010
2013
2016
2019
2022
2025
2028
2031
2034
2037
2040
2043
2046
2049
2052
2055
2058
2061
2064
2067
2070
2073
2076
2079
2082
2085
2088
2091
2094
2097
2100
2103
2106
2109
2112
2115
2118
2121
2124
2127
2130
2133
2136
2139
2142
2145
2148
2151
2154
2157
2160
2163
2166
2169
2172
2175
2178
2181
2184
2187
2190
2193
2196
2199
2202
2205
2208
2211
2214
2217
2220
2223
2226
2229
2232
2235
2238
2241
2244
2247
2250
2253
2256
2259
2262
2265
2268
2271
2274
2277
2280
2283
2286
2289
2292
2295
2298
2301
2304
2307
2310
2313
2316
2319
2322
2325
2328
2331
2334
2337
2340
2343
2346
2349
2352
2355
2358
2361
2364
2367
2370
2373
2376
2379
2382
2385
2388
2391
2394
2397
2400
2403
2406
2409
2412
2415
2418
2421
2424
2427
2430
2433
2436
2439
2442
2445
2448
2451
2454
2457
2460
2463
2466
2469
2472
2475
2478
2481
2484
2487
2490
2493
2496
2499
2502
2505
2508
2511
2514
2517
2520
2523
2526
2529
2532
2535
2538
2541
2544
2547
2550
2553
2556
2559
2562
2565
2568
2571
2574
2577
2580
2583
2586
2589
2592
2595
2598
2601
2604
2607
2610
2613
2616
2619
2622
2625
2628
2631
2634
2637
2640
2643
2646
2649
2652
2655
2658
2661
2664
2667
2670
2673
2676
2679
2682
2685
2688
2691
2694
2697
2700
2703
2706
2709
2712
2715
2718
2721
2724
2727
2730
2733
2736
2739
2742
2745
2748
2751
2754
2757
2760
2763
2766
2769
2772
2775
2778
2781
2784
2787
2790
2793
2796
2799
2802
2805
2808
2811
2814
2817
2820
2823
2826
2829
2832
2835
2838
2841
2844
2847
2850
2853
2856
2859
2862
2865
2868
2871
2874
2877
2880
2883
2886
2889
2892
2895
2898
2901
2904
2907
2910
2913
2916
2919
2922
2925
2928
2931
2934
2937
2940
2943
2946
2949
2952
2955
2958
2961
2964
2967
2970
2973
2976
2979
2982
2985
2988
2991
2994
2997
3000
3003
3006
3009
3012
3015
3018
3021
3024
3027
3030
3033
3036
3039
3042
3045
3048
3051
3054
3057
3060
3063
3066
3069
3072
3075
3078
3081
3084
3087
3090
3093
3096
3099
3102
3105
3108
3111
3114
3117
3120
3123
3126
3129
3132
3135
3138
3141
3144
3147
3150
3153
3156
3159
3162
3165
3168
3171
3174
3177
3180
3183
3186
3189
3192
3195
3198
3201
3204
3207
3210
3213
3216
3219
3222
3225
3228
3231
3234
3237
3240
3243
3246
3249
3252
3255
3258
3261
3264
3267
3270
3273
3276
3279
3282
3285
3288
3291
3294
3297
3300
3303
3306
3309
3312
3315
3318
3321
3324
3327
3330
3333
3336
3339
3342
3345
3348
3351
3354
3357
3360
3363
3366
3369
3372
3375
3378
3381
3384
3387
3390
3393
3396
3399
3402
3405
3408
3411
3414
3417
3420
3423
3426
3429
3432
3435
3438
3441
3444
3447
3450
3453
3456
3459
3462
3465
3468
3471
3474
3477
3480
3483
3486
3489
3492
3495
3498
3501
3504
3507
3510
3513
3516
3519
3522
3525
3528
3531
3534
3537
3540
3543
3546
3549
3552
3555
3558
3561
3564
3567
3570
3573
3576
3579
3582
3585
3588
3591
3594
3597
3600
3603
3606
3609
3612
3615
3618
3621
3624
3627
3630
3633
3636
3639
3642
3645
3648
3651
3654
3657
3660
3663
3666
3669
3672
3675
3678
3681
3684
3687
3690
3693
3696
3699
3702
3705
3708
3711
3714
3717
3720
3723
3726
3729
3732
3749
3752
3755
3758
3761
3764
3767
3770
3773
3776
3779
3782
3785
3788
3791
3794
3797
3800
3803
3806
3809
3812
3815
3818
3821
3824
3827
3830
3833
3836
3839
3842
3845
3848
3851
3854
3857
3860
3863
3866
3869
3872
3875
3878
3881
3884
3887
3890
3893
3896
3899
3902
3905
3908
3911
3914
3917
3920
3923
3926
3929
3932
3935
3938
3941
3944
3947
3950
3953
3956
3959
3962
3965
3968
3971
3974
3977
3980
3983
3986
3989
3992
3995
3998
4001
4004
4007
4010
4013
4016
4019
4022
4025
4028
4031
4034
4037
4040
4043
4046
4049
4052
4055
4058
4061
4064
4067
4070
4073
4076
4079
4082
4085
4088
4091
4094
4097
4100
4103
4106
4109
4112
4115
4118
4121
4124
4127
4130
4133
4136
4139
4142
4145
4148
4151
4154
4157
4160
4163
4166
4169
4172
4175
4178
4181
4184
4187
4190
4193
4196
4199
4202
4205
4208
4211
4214
4217
4220
4223
4226
4229
4232
4235
4238
4241
4244
4247
4250
4253
4256
4259
4262
4265
4268
4271
4274
4277
4280
4283
4286
4289
4292
4295
4298
4301
4304
4307
4310
4313
4316
4319
4322
4325
4328
4331
4334
4337
4340
4343
4346
4349
4352
4355
4358
4361
4364
4367
4370
4373
4376
4379
4382
4385
4388
4391
4394
4397
4400
4403
4406
4409
4412
4415
4418
4421
4424
4427
4430
4433
4436
4439
4442
4445
4448
4451
4454
4457
4460
4463
4466
4469
4472
4475
4478
4481
4484
4487
4490
4493
4496
4499
4502
4505
4508
4511
4514
4517
4520
4523
4526
4529
4532
4535
4538
4541
4544
4547
4550
4553
4556
4559
4562
4565
4568
4571
4574
4577
4580
4583
4586
4589
4592
4595
4598
4601
4604
4607
4610
4613
4616
4619
4622
4625
4628
4631
4634
4637
4640
4643
4646
4649
4652
4655
4658
4661
4664
4667
4670
4673
4676
4679
4682
4685
4688
4691
4694
4697
4700
4703
4706
4709
4712
4715
4718
4721
4724
4727
4730
4733
4736
4739
4742
4745
4748
4751
4754
4757
4760
4763
4766
4769
4772
4775
4778
4781
4784
4787
4790
4793
4796
4799
4802
4805
4808
4811
4814
4817
4820
4823
4826
4829
4832
4835
4838
4841
4844
4847
4850
4853
4856
4859
4862
4865
4868
4871
4874
4877
4880
4883
4886
4889
4892
4895
4898
4901
4904
4907
4910
4913
4916
4919
4922
4925
4928
4931
4934
4937
4940
4943
4946
4949
4952
4955
4958
4961
4964
4967
4970
4973
4976
4979
4982
4985
4988
4991
4994
4997
5000
5003
5006
5009
5012
5015
5018
5021
5024
5027
5030
5033
5036
5039
5042
5045
5048
5051
5054
5057
5060
5063
5066
5069
5072
5075
5078
5081
5084
5087
5090
5093
5096
5099
5102
5105
5108
5111
5114
5117
5120
5123
5126
5129
5132
5135
5138
5141
5144
5147
5150
5153
5156
5159
5162
5165
5168
5171
5174
5177
5180
5183
5186
5189
5192
5195
5198
5201
5204
5207
5210
5213
5216
5219
5222
5225
5228
5231
5234
5237
5240
5243
5246
5249
5252
5255
5258
5261
5264
5267
5270
5273
5276
5279
5282
5285
5288
5291
5294
5297
5300
5303
5306
5309
5312
5315
5318
5321
5324
5327
5330
5333
5336
5339
5342
5345
5348
5351
5354
5357
5360
5363
5366
5369
5372
5375
5378
5381
5384
5387
5390
5393
5396
5399
5402
5405
5408
5411
5414
5417
5420
5423
5426
5429
5432
5435
5438
5441
5444
5447
5450
5453
5456
5459
5462
5465
5468
5471
5474
5477
5480
5483
5486
5489
5492
5495
5498
5501
5504
5507
5510
5513
5516
5519
5522
5525
5528
5531
5534
5537
5540
5543
5546
5549
5552
5555
5558
5561
5564
5567
5570
5573
5576
5579
5582
5585
5588
5591
5594
5597
5600
5603
5606
5609
5612
5615
5618
5621
5624
5627
5630
5633
5636
5639
5642
5645
5648
5651
5654
5657
5660
5663
5666
5669
5672
5675
5678
5681
5684
5687
5690
5693
5696
5699
5702
5705
5708
5711
5714
5717
5720
5723
5726
5729
5732
5735
5738
5741
5744
5747
5750
5753
5756
5759
5762
5765
5768
5771
5774
5777
5780
5783
5786
5789
5792
5795
5798
5801
5804
5807
5810
5813
5816
5819
5822
5825
5828
5831
5834
5837
5840
5843
5846
5849
5852
5855
5858
5861
5864
5867
5870
5873
5876
5879
5882
5885
5888
5891
5894
5897
5900
5903
5906
5909
5912
5915
5918
5921
5924
5927
5930
5933
5936
5939
5942
5945
5948
5951
5954
5957
5960
5963
5966
5969
5972
5975
5978
5981
5984
5987
5990
5993
5996
5999
6002
6005
6008
6011
6014
6017
6020
6023
6026
6029
6032
6035
6038
6041
6044
6047
6050
6053
6056
6059
6062
6065
6068
6071
6074
6077
6080
6083
6086
6089
6092
6095
6098
6101
6104
6107
6110
6113
6116
6119
6122
6125
6128
6131
6134
6137
6140
6143
6146
6149
6152
6155
6158
6161
6164
6167
6170
6173
6176
6179
6182
6185
6188
6191
6194
6197
6200
6203
6206
6209
6212
6215
6218
6221
6224
6227
6230
6233
6236
6239
6242
6245
6248
6251
6254
6257
6260
6263
6266
6269
6272
6275
6278
6281
6284
6287
6290
6293
6296
6299
6302
6305
6308
6311
6314
6317
6320
6323
6326
6329
6332
6335
6338
6341
6344
6347
6350
6353
6356
6359
6362
6365
6368
6371
6374
6377
6380
6383
6386
6389
6392
6395
6398
6401
6404
6407
6410
6413
6416
6419
6422
6425
6428
6431
6434
6437
6440
6443
6446
6449
6452
6455
6458
6461
6464
6467
6470
6473
6476
6479
6482
6485
6488
6491
6494
6497
6500
6503
6506
6509
6512
6515
6518
6521
6524
6527
6530
6533
6536
6539
6542
6545
6548
6551
6554
6557
6560
6563
6566
6569
6572
6575
6578
6581
6584
6587
6590
6593
6596
6599
6602
6605
6608
6611
6614
6617
6620
6623
6626
6629
6632
6635
6638
6641
6644
6647
6650
6653
6656
6659
6662
6665
6668
6671
6674
6677
6680
6683
6686
6689
6692
6695
6698
6701
6704
6707
6710
6713
6716
6719
6722
6725
6728
6731
6734
6737
6740
6743
6746
6749
6752
6755
6758
6761
6764
6767
6770
6773
6776
6779
6782
6785
6788
6791
6794
6797
6800
6803
6806
6809
6812
6815
6818
6821
6824
6827
6830
6833
6836
6839
6842
6845
6848
6851
6854
6857
6860
6863
6866
6869
6872
6875
6878
6881
6884
6887
6890
6893
6896
6899
6902
6905
6908
6911
6914
6917
6920
6923
6926
6929
6932
6935
6938
6941
6944
6947
6950
6953
6956
6959
6962
6965
6968
6971
6974
6977
6980
6983
6986
6989
6992
6995
6998
7001
7004
7007
7010
7013
7016
7019
7022
7025
7028
7031
7034
7037
7040
7043
7046
7049
7052
7055
7058
7061
7064
7067
7070
7073
7076
7079
7082
7085
7088
7091
7094
7097
7100
7103
7106
7109
7112
7115
7118
7121
7124
7127
7130
7133
7136
7139
7142
7145
7148
7151
7154
7157
7160
7163
7166
7169
7172
7175
7178
7181
7184
7187
7190
7193
7196
7199
7202
7205
7208
7211
7214
7217
7220
7223
7226
7229
7232
7235
7238
7241
7244
7247
7250
7253
7256
7259
7262
7265
7268
7271
7274
7277
7280
7283
7286
7289
7292
7295
7298
7301
7304
7307
7310
7313
7316
7319
7322
7325
7328
7331
7334
7337
7340
7343
7346
7349
7352
7355
7358
7361
7364
7367
7370
7373
7376
7379
7382
7385
7388
7391
7394
7397
7400
7403
7406
7409
7412
7415
7418
7421
7424
7427
7430
7433
7436
7439
7442
7445
7448
7451
7454
7457
7460
7463
7466
7469
7472
7475
7478
7481
7484
7487
7490
7493
7496
7499
7502
7505
7508
7511
7514
7517
7520
7523
7526
7529
7532
7535
7538
7541
7544
7547
7550
7553
7556
7559
7562
7565
7568
7571
7574
7577
7580
7583
7586
7589
7592
7595
7598
7601
7604
7607
7610
7613
7616
7619
7622
7625
7628
7631
7634
7637
7640
7643
7646
7649
7652
7655
7658
7661
7664
7667
7670
7673
7676
7679
7682
7685
7688
7691
7694
7697
7700
7703
7706
7709
7712
7715
7718
7721
7724
7727
7730
7733
7736
7739
7742
7745
7748
7751
7754
7757
7760
7763
7766
7769
7772
7775
7778
7781
7784
7787
7790
7793
7796
7799
7802
7805
7808
7811
7814
7817
7820
7823
7826
7829
7832
7835
7838
7841
7844
7847
7850
7853
7856
7859
7862
7865
7868
7871
7874
7877
7880
7883
7886
7889
7892
7895
7898
7901
7904
7907
7910
7913
7916
7919
7922
7925
7928
7931
7934
7937
7940
7943
7946
7949
7952
7955
7958
7961
7964
7967
7970
7973
7976
7979
7982
7985
7988
7991
7994
7997
8000
8003
8006
8009
8012
8015
8018
8021
8024
8027
8030
8033
8036
8039
8042
8045
8048
8051
8054
8057
8060
8063
8066
8069
8072
8075
8078
8081
8084
8087
8090
8093
8096
8099
8102
8105
8108
8111
8114
8117
8120
8123
8126
8129
8132
8135
8138
8141
8144
8147
8150
8153
8156
8159
8162
8165
8168
8171
8174
8177
8180
8183
8186
8189
8192
8195
8198
8201
8204
8207
8210
8213
8216
8219
8222
8225
8228
8231
8234
8237
8240
8243
8246
8249
8252
8255
8258
8261
8264
8267
8270
8273
8276
8279
8282
8285
8288
8291
8294
8297
8300
8303
8306
8309
8312
8315
8318
8321
8324
8327
8330
8333
8336
8339
8342
8345
8348
8351
8354
8357
8360
8363
8366
8369
8372
8375
8378
8381
8384
8387
8390
8393
8396
8399
8402
8405
8408
8411
8414
8417
8420
8423
8426
8429
8432
8435
8438
8441
8444
8447
8450
8453
8456
8459
8462
8465
8468
8471
8474
8477
8480
8483
8486
8489
8492
8495
8498
8501
8504
8507
8510
8513
8516
8519
8522
8525
8528
8531
8534
8537
8540
8543
8546
8549
8552
8555
8558
8561
8564
8567
8570
8573
8576
8579
8582
8585
8588
8591
8594
8597
8600
8603
8606
8609
8612
8615
8618
8621
8624
8627
8630
8633
8636
8639
8642
8645
8648
8651
8654
8657
8660
8663
8666
8669
8672
8675
8678
8681
8684
8687
8690
8693
8696
8699
8702
8705
8708
8711
8714
8717
8720
8723
8726
8729
8732
8735
8738
8741
8744
8747
8750
8753
8756
8759
8762
8765
8768
8771
8774
8777
8780
8783
8786
8789
8792
8795
8798
8801
8804
8807
8810
8813
8816
8819
8822
8825
8828
8831
8834
8837
8840
8843
8846
8849
8852
8855
8858
8861
8864
8867
8870
8873
8876
8879
8882
8885
8888
8891
8894
8897
8900
8903
8906
8909
8912
8915
8918
8921
8924
8927
8930
8933
8936
8939
8942
8945
8948
8951
8954
8957
8960
8963
8966
8969
8972
8975
8978
8981
8984
8987
8990
8993
8996
8999
9002
9005
9008
9011
9014
9017
9020
9023
9026
9029
9032
9035
9038
9041
9044
9047
9050
9053
9056
9059
9062
9065
9068
9071
9074
9077
9080
9083
9086
9089
9092
9095
9098
9101
9104
9107
9110
9113
9116
9119
9122
9125
9128
9131
9134
9137
9140
9143
9146
9149
9152
9155
9158
9161
9164
9167
9170
9173
9176
9179
9182
9185
9188
9191
9194
9197
9200
9203
9206
9209
9212
9215
9218
9221
9224
9227
9230
9233
9236
9239
9242
9245
9248
9251
9254
9257
9260
9263
9266
9269
9272
9275
9278
9281
9284
9287
9290
9293
9296
9299
9302
9305
9308
9311
9314
9317
9320
9323
9326
9329
9332
9335
9338
9341
9344
9347
9350
9353
9356
9359
9362
9365
9368
9371
9374
9377
9380
9383
9386
9389
9392
9395
9398
9401
9404
9407
9410
9413
9416
9419
9422
9425
9428
9431
9434
9437
9440
9443
9446
9449
9452
9455
9458
9461
9464
9467
9470
9473
9476
9479
9482
9485
9488
9491
9494
9497
9500
9503
9506
9509
9512
9515
9518
9521
9524
9527
9530
9533
9536
9539
9542
9545
9548
9551
9554
9557
9560
9563
9566
9569
9572
9575
9578
9581
9584
9587
9590
9593
9596
9599
9602
9605
9608
9611
9614
9617
9620
9623
9626
9629
9632
9635
9638
9641
9644
9647
9650
9653
9656
9659
9662
9665
9668
9671
9674
9677
9680
9683
9686
9689
9692
9695
9698
9701
9704
9707
9710
9713
9716
9719
9722
9725
9728
9731
9734
9737
9740
9743
9746
9749
9752
9755
9758
9761
9764
9767
9770
9773
9776
9779
9782
9785
9788
9791
9794
9797
9800
9803
9806
9809
9812
9815
9818
9821
9824
9827
9830
9833
9836
9839
9842
9845
9848
9851
9854
9857
9860
9863
9866
9869
9872
9875
9878
9881
9884
9887
9890
9893
9896
9899
9902
9905
9908
9911
9914
9917
9920
9923
9926
9929
9932
9935
9938
9941
9944
9947
9950
9953
9956
9959
9962
9965
9968
9971
9974
9977
9980
9983
9986
9989
9992
9995
9998
10001
10004
10007
10010
10013
10016
10019
10022
10025
10028
10031
10034
10037
10040
10043
10046
10049
10052
10055
10058
10061
10064
10067
10070
10073
10076
10079
10082
10085
10088
10091
10094
10097
10100
10103
10106
10109
10112
10115
10118
10121
10124
10127
10130
10133
10136
10139
10142
10145
10148
10151
10154
10157
10160
10163
10166
10169
10172
10175
10178
10181
10184
10187
10190
10193
10196
10199
10202
10205
10208
10211
10214
10217
10220
10223
10226
10229
10232
10235
10238
10241
10244
10247
10250
10253
10256
10259
10262
10265
10268
10271
10274
10277
10280
10283
10286
10289
10292
10295
10298
10301
10304
10307
10310
10313
10316
10319
10322
10325
10328
10331
10334
10337
10340
10343
10346
10349
10352
10355
10358
10361
10364
10367
10370
10373
10376
10379
10382
10385
10388
10391
10394
10397
10400
10403
10406
10409
10412
10415
10418
10421
10424
10427
10430
10433
10436
10439
10442
10445
10448
10451
10454
10457
10460
10463
10466
10469
10472
10475
10478
10481
10484
10487
10490
10493
10496
10499
10502
10505
10508
10511
10514
10517
10520
10523
10526
10529
10532
10535
10538
10541
10544
10547
10550
10553
10556
10559
10562
10565
10568
10571
10574
10577
10580
10583
10586
10589
10592
10595
10598
10601
10604
10607
10610
10613
10616
10619
10622
10625
10628
10631
10634
10637
10640
10643
10646
10649
10652
10655
10658
10661
10664
10667
10670
10673
10676
10679
10682
10685
10688
10691
10694
10697
10700
10703
10706
10709
10712
10715
10718
10721
10724
10727
10730
10733
10736
10739
10742
10745
10748
10751
10754
10757
10760
10763
10766
10769
10772
10775
10778
10781
10784
10787
10790
10793
10796
10799
10802
10805
10808
10811
10814
10817
10820
10823
10826
10829
10832
10835
10838
10841
10844
10847
10850
10853
10856
10859
10862
10865
10868
10871
10874
10877
10880
10883
10886
10889
10892
10895
10898
10901
10904
10907
10910
10913
10916
10919
10922
10925
10928
10931
10934
10937
10940
10943
10946
10949
10952
10955
10958
10961
10964
10967
10970
10973
10976
10979
10982
10985
10988
10991
10994
10997
11000
11003
11006
11009
11012
11015
11018
11021
11024
11027
11030
11033
11036
11039
11042
11045
11048
11051
11054
11057
11060
11063
11066
11069
11072
11075
11078
11081
11084
11087
11090
11093
11096
11099
11102
11105
11108
11111
11114
11117
11120
11123
11126
11129
11132
11135
11138
11141
11144
11147
11150
11153
11156
11159
11162
11165
11168
11171
11174
11177
11180
11183
11186
11189
11192
11195
11198
11201
11204
11207
11210
11213
11216
11219
11222
11225
11228
11231
11234
11237
11240
11243
11246
11249
11252
11255
11258
11261
11264
11267
11270
11273
11276
11279
11282
11285
11288
11291
11294
11297
11300
11303
11306
11309
11312
11315
11318
11321
11324
11327
11330
11333
11336
11339
11342
11345
11348
11351
11354
11357
11360
11363
11366
11369
11372
11375
11378
11381
11384
11387
11390
11393
11396
11399
11402
11405
11408
11411
11414
11417
11420
11423
11426
11429
11432
11435
11438
11441
11444
11447
11450
11453
11456
11459
11462
11465
11468
11471
11474
11477
11480
11483
11486
11489
11492
11495
11498
11501
11504
11507
11510
11513
11516
11519
11522
11525
11528
11531
11534
11537
11540
11543
11546
11549
11552
11555
11558
11561
11564
11567
11570
11573
11576
11579
11582
11585
11588
11591
11594
11597
11600
11603
11606
11609
11612
11615
11618
11621
11624
11627
11630
11633
11636
11639
11642
11645
11648
11651
11654
11657
11660
11663
11666
11669
11672
11675
11678
11681
11684
11687
11690
11693
11696
11699
11702
11705
11708
11711
11714
11717
11720
11723
11726
11729
11732
11735
11738
11741
11744
11747
11750
11753
11756
11759
11762
11765
11768
11771
11774
11777
11780
11783
11786
11789
11792
11795
11798
11801
11804
11807
11810
11813
11816
11819
11822
11825
11828
11831
11834
11837
11840
11843
11846
11849
11852
11855
11858
11861
11864
11867
11870
11873
11876
11879
11882
11885
11888
11891
11894
11897
11900
11903
11906
11909
11912
11915
11918
11921
11924
11927
11930
11933
11936
11939
11942
11945
11948
11951
11954
11957
11960
11963
11966
11969
11972
11975
11978
11981
11984
11987
11990
11993
11996
11999
12002
12005
12008
12011
12014
12017
12020
12023
12026
12029
12032
12035
12038
12041
12044
12047
12050
12053
12056
12059
12062
12065
12068
12071
12074
12077
12080
12083
12086
12089
12092
12095
12098
12101
12104
12107
12110
12113
12116
12119
12122
12125
12128
12131
12134
12137
12140
12143
12146
12149
12152
12155
12158
12161
12164
12167
12170
12173
12176
12179
12182
12185
12188
12191
12194
12197
12200
12203
12206
12209
12212
12215
12218
12221
12224
12227
12230
12233
12236
12239
12242
12245
12248
12251
12254
12257
12260
12263
12266
12269
12272
12275
12278
12281
12284
12287
12290
12293
12296
12299
12302
12305
12308
12311
12314
12317
12320
12323
12326
12329
12332
12335
12338
12341
12344
12347
12350
12353
12356
12359
12362
12365
12368
12371
12374
12377
12380
12383
12386
12389
12392
12395
12398
12401
12404
12407
12410
12413
12416
12419
12422
12425
12428
12431
12434
12437
12440
12443
12446
12449
12452
12455
12458
12461
12464
12467
12470
12473
12476
12479
12482
12485
12488
12491
12494
12497
12500
12503
12506
12509
12512
12515
12518
12521
12524
12527
12530
12533
12536
12539
12542
12545
12548
12551
12554
12557
12560
12563
12566
12569
12572
12575
12578
12581
12584
12587
12590
12593
12596
12599
12602
12605
12608
12611
12614
12617
12620
12623
12626
12629
12632
12635
12638
12641
12644
12647
12650
12653
12656
12659
12662
12665
12668
12671
12674
12677
12680
12683
12686
12689
12692
12695
12698
12701
12704
12707
12710
12713
12716
12719
12722
12725
12728
12731
12734
12737
12740
12743
12746
12749
12752
12755
12758
12761
12764
12767
12770
12773
12776
12779
12782
12785
12788
12791
12794
12797
12800
12803
12806
12809
12812
12815
12818
12821
12824
12827
12830
12833
12836
12839
12842
12845
12848
12851
12854
12857
12860
12863
12866
12869
12872
12875
12878
12881
12884
12887
12890
12893
12896
12899
12902
12905
12908
12911
12914
12917
12920
12923
12926
12929
12932
12935
12938
12941
12944
12947
12950
12953
12956
12959
12962
12965
12968
12971
12974
12977
12980
12983
12986
12989
12992
12995
12998
13001
13004
13007
13010
13013
13016
13019
13022
13025
13028
13031
13034
13037
13040
13043
13046
13049
13052
13055
13058
13061
13064
13067
13070
13073
13076
13079
13082
13085
13088
13091
13094
13097
13100
13103
13106
13109
13112
13115
13118
13121
13124
13127
13130
13133
13136
13139
13142
13145
13148
13151
13154
13157
13160
13163
13166
13169
13172
13175
13178
13181
13184
13187
13190
13193
13196
13199
13202
13205
13208
13211
13214
13217
13220
13223
13226
13229
13232
13235
13238
13241
13244
13247
13250
13253
13256
13259
13262
13265
13268
13271
13274
13277
13280
13283
13286
13289
13292
13295
13298
13301
13304
13307
13310
13313
13316
13319
13322
13325
13328
13331
13334
13337
13340
13343
13346
13349
13352
13355
13358
13361
13364
13367
13370
13373
13376
13379
13382
13385
13388
13391
13394
13397
13400
13403
13406
13409
13412
13415
13418
13421
13424
13427
13430
13433
13436
13439
13442
13445
13448
13451
13454
13457
13460
13463
13466
13469
13472
13475
13478
13481
13484
13487
13490
13493
13496
13499
13502
13505
13508
13511
13514
13517
13520
13523
13526
13529
13532
13535
13538
13541
13544
13547
13550
13553
13556
13559
13562
13565
13568
13571
13574
13577
13580
13583
13586
13589
13592
13595
13598
13601
13604
13607
13610
13613
13616
13619
13622
13625
13628
13631
13634
13637
13640
13643
13646
13649
13652
13655
13658
13661
13664
13667
13670
13673
13676
13679
13682
13685
13688
13691
13694
13697
13700
13703
13706
13709
13712
13715
13718
13721
13724
13727
13730
13733
13736
13739
13742
13745
13748
13751
13754
13757
13760
13763
13766
13769
13772
13775
13778
13781
13784
13787
13790
13793
13796
13799
13802
13805
13808
13811
13814
13817
13820
13823
13826
13829
13832
13835
13838
13841
13844
13847
13850
13853
13856
13859
13862
13865
13868
13871
13874
13877
13880
13883
13886
13889
13892
13895
13898
13901
13904
13907
13910
13913
13916
13919
13922
13925
13928
13931
13934
13937
13940
13943
13946
13949
13952
13955
13958
13961
13964
13967
13970
13973
13976
13979
13982
13985
13988
13991
13994
13997
14000
14003
14006
14009
14012
14015
14018
14021
14024
14027
14030
14033
14036
14039
14042
14045
14048
14051
14054
14057
14060
14063
14066
14069
14072
14075
14078
14081
14084
14087
14090
14093
14096
14099
14102
14105
14108
14111
14114
14117
14120
14123
14126
14129
14132
14135
14138
14141
14144
14147
14150
14153
14156
14159
14162
14165
14168
14171
14174
14177
14180
14183
14186
14189
14192
14195
14198
14201
14204
14207
14210
14213
14216
14219
14222
14225
14228
14231
14234
14237
14240
14243
14246
14249
14252
14255
14258
14261
14264
14267
14270
14273
14276
14279
14282
14285
14288
14291
14294
14297
14300
14303
14306
14309
14312
14315
14318
14321
14324
14327
14330
14333
14336
14339
14342
14345
14348
14351
14354
14357
14360
14363
14366
14369
14372
14375
14378
14381
14384
14387
14390
14393
14396
14399
14402
14405
14408
14411
14414
14417
14420
14423
14426
14429
14432
14435
14438
14441
14444
14447
14450
14453
14456
14459
14462
14465
14468
14471
14474
14477
14480
14483
14486
14489
14492
14495
14498
14501
14504
14507
14510
14513
14516
14519
14522
14525
14528
14531
14534
14537
14540
14543
14546
14549
14552
14555
14558
14561
14564
14567
14570
14573
14576
14579
14582
14585
14588
14591
14594
14597
14600
14603
14606
14609
14612
14615
14618
14621
14624
14627
14630
14633
14636
14639
14642
14645
14648
14651
14654
14657
14660
14663
14666
14669
14672
14675
14678
14681
14684
14687
14690
14693
14696
14699
14702
14705
14708
14711
14714
14717
14720
14723
14726
14729
14732
14735
14738
14741
14744
14747
14750
14753
14756
14759
14762
14765
14768
14771
14774
14777
14780
14783
14786
14789
14792
14795
14798
14801
14804
14807
14810
14813
14816
14819
14822
14825
14828
14831
14834
14837
14840
14843
14846
14849
14852
14855
14858
14861
14864
14867
14870
14873
14876
14879
14882
14885
14888
14891
14894
14897
14900
14903
14906
14909
14912
14915
14918
14921
14924
14927
14930
14933
14936
14939
14942
14945
14948
14951
14954
14957
14960
14963
14966
14969
14972
14975
14978
14981
14984
14987
14990
14993
14996
14999
15002
15005
15008
15011
15014
15017
15020
15023
15026
15029
15032
15035
15038
15041
15044
15047
15050
15053
15056
15059
15062
15065
15068
15071
15074
15077
15080
15083
15086
15089
15092
15095
15098
15101
15104
15107
15110
15113
15116
15119
15122
15125
15128
15131
15134
15137
15140
15143
15146
15149
15152
15155
15158
15161
15164
15167
15170
15173
15176
15179
15182
15185
15188
15191
15194
15197
15200
15203
15206
15209
15212
15215
15218
15221
15224
15227
15230
15233
15236
15239
15242
15245
15248
15251
15254
15257
15260
15263
15266
15269
15272
15275
15278
15281
15284
15287
15290
15293
15296
15299
15302
15305
15308
15311
15314
15317
15320
15323
15326
15329
15332
15335
15338
15341
15344
15347
15350
15353
15356
15359
15362
15365
15368
15371
15374
15377
15380
15383
15386
15389
15392
15395
15398
15401
15404
15407
15410
15413
15416
15419
15422
15425
15428
15431
15434
15437
15440
15443
15446
15449
15452
15455
15458
15461
15464
15467
15470
15473
15476
15479
15482
15485
15488
15491
15494
15497
15500
15503
15506
15509
15512
15515
15518
15521
15524
15527
15530
15533
15536
15539
15542
15545
15548
15551
15554
15557
15560
15563
15566
15569
15572
15575
15578
15581
15584
15587
15590
15593
15596
15599
15602
15605
15608
15611
15614
15617
15620
15623
15626
15629
15632
15635
15638
15641
15644
15647
15650
15653
15656
15659
15662
15665
15668
15671
15674
15677
15680
15683
15686
15689
15692
15695
15698
15701
15704
15707
15710
15713
15716
15719
15722
15725
15728
15731
15734
15737
15740
15743
15746
15749
15752
15755
15758
15761
15764
15767
15770
15773
15776
15779
15782
15785
15788
15791
15794
15797
15800
15803
15806
15809
15812
15815
15818
15821
15824
15827
15830
15833
15836
15839
15842
15845
15848
15851
15854
15857
15860
15863
15866
15869
15872
15875
15878
15881
15884
15887
15890
15893
15896
15899
15902
15905
15908
15911
15914
15917
15920
15923
15926
15929
15932
15935
15938
15941
15944
15947
15950
15953
15956
15959
15962
15965
15968
15971
15974
15977
15980
15983
15986
15989
15992
15995
15998
16001
16004
16007
16010
16013
16016
16019
16022
16025
16028
16031
16034
16037
16040
16043
16046
16049
16052
16055
16058
16061
16064
16067
16070
16073
16076
16079
16082
16085
16088
16091
16094
16097
16100
16103
16106
16109
16112
16115
16118
16121
16124
16127
16130
16133
16136
16139
16142
16145
16148
16151
16154
16157
16160
16163
16166
16169
16172
16175
16178
16181
16184
16187
16190
16193
16196
16199
16202
16205
16208
16211
16214
16217
16220
16223
16226
16229
16232
16235
16238
16241
16244
16247
16250
16253
16256
16259
16262
16265
16268
16271
16274
16277
16280
16283
16286
16289
16292
16295
16298
16301
16304
16307
16310
16313
16316
16319
16322
16325
16328
16331
16334
16337
16340
16343
16346
16349
16352
16355
16358
16361
16364
16367
16370
16373
16376
16379
16382
16385
16388
16391
16394
16397
16400
16403
16406
16409
16412
16415
16418
16421
16424
16427
16430
16433
16436
16439
16442
16445
16448
16451
16454
16457
16460
16463
16466
16469
16472
16475
16478
16481
16484
16487
16490
16493
16496
16499
16502
16505
16508
16511
16514
16517
16520
16523
16526
16529
16532
16535
16538
16541
16544
16547
16550
16553
16556
16559
16562
16565
16568
16571
16574
16577
16580
16583
16586
16589
16592
16595
16598
16601
16604
16607
16610
16613
16616
16619
16622
16625
16628
16631
16634
16637
16640
16643
16646
16649
16652
16655
16658
16661
16664
16667
16670
16673
16676
16679
16682
16685
16688
16691
16694
16697
16700
16703
16706
16709
16712
16715
16718
16721
16724
16727
16730
16733
16736
16739
16742
16745
16748
16751
16754
16757
16760
16763
16766
16769
16772
16775
16778
16781
16784
16787
16790
16793
16796
16799
16802
16805
16808
16811
16814
16817
16820
16823
16826
16829
16832
16835
16838
16841
16844
16847
16850
16853
16856
16859
16862
16865
16868
16871
16874
16877
16880
16883
16886
16889
16892
16895
16898
16901
16904
16907
16910
16913
16916
16919
16922
16925
16928
16931
16934
16937
16940
16943
16946
16949
16952
16955
16958
16961
16964
16967
16970
16973
16976
16979
16982
16985
16988
16991
16994
16997
17000
17003
17006
17009
17012
17015
17018
17021
17024
17027
17030
17047
17050
17053
17056
17059
17062
17065
17068
17071
17074
17077
17080
17083
17086
17089
17092
17095
17098
17101
17104
17107
17110
17113
17116
17119
17122
17125
17128
17131
17134
17137
17140
17143
17146
17149
17152
17155
17158
17161
17164
17167
17170
17173
17176
17179
17182
17185
17188
17191
17194
17197
17200
17203
17206
17209
17212
17215
17218
17221
17224
17227
17230
17233
17236
17239
17242
17245
17248
17251
17254
17257
17260
17263
17266
17269
17272
17275
17278
17281
17284
17287
17290
17293
17296
17299
17302
17305
17308
17311
17314
17317
17320
17323
17326
17329
17332
17335
17338
17341
17344
17347
17350
17353
17356
17359
17362
17365
17368
17371
17374
17377
17380
17383
17386
17389
17392
17395
17398
17401
17404
17407
17410
17413
17416
17419
17422
17425
17428
17431
17434
17437
17440
17443
17446
17449
17452
17455
17458
17461
17464
17467
17470
17473
17476
17479
17482
17485
17488
17491
17494
17497
17500
17503
17506
17509
17512
17515
17518
17521
17524
17527
17530
17533
17536
17539
17542
17545
17548
17551
17554
17557
17560
17563
17566
17569
17572
17575
17578
17581
17584
17587
17590
17593
17596
17599
17602
17605
17608
17611
17614
17617
17620
17623
17626
17629
17632
17635
17638
17641
17644
17647
17650
17653
17656
17659
17662
17665
17668
17671
17674
17677
17680
17683
17686
17689
17692
17695
17698
17701
17704
17707
17710
17713
17716
17719
17722
17725
17728
17731
17734
17737
17740
17743
17746
17749
17752
17755
17758
17761
17764
17767
17770
17773
17776
17779
17782
17785
17788
17791
17794
17797
17800
17803
17806
17809
17812
17815
17818
17821
17824
17827
17830
17833
17836
17839
17842
17845
17848
17851
17854
17857
17860
17863
17866
17869
17872
17875
17878
17881
17884
17887
17890
17893
17896
17899
17902
17905
17908
17911
17914
17917
17920
17923
17926
17929
17932
17935
17938
17941
17944
17947
17950
17953
17956
17959
17962
17965
17968
17971
17974
17977
17980
17983
17986
17989
17992
17995
17998
18001
18004
18007
18010
18013
18016
18019
18022
18025
18028
18031
18034
18037
18040
18043
18046
18049
18052
18055
18058
18061
18064
18067
18070
18073
18076
18079
18082
18085
18088
18091
18094
18097
18100
18103
18106
18109
18112
18115
18118
18121
18124
18127
18130
18133
18136
18139
18142
18145
18148
18151
18154
18157
18160
18163
18166
18169
18172
18175
18178
18181
18184
18187
18190
18193
18196
18199
18202
18205
18208
18211
18214
18217
18220
18223
18226
18229
18232
18235
18238
18241
18244
18247
18250
18253
18256
18259
18262
18265
18268
18271
18274
18277
18280
18283
18286
18289
18292
18295
18298
18301
18304
18307
18310
18313
18316
18319
18322
18325
18328
18331
18334
18337
18340
18343
18346
18349
18352
18355
18358
18361
18364
18367
18370
18373
18376
18379
18382
18385
18388
18391
18394
18397
18400
18403
18406
18409
18412
18415
18418
18421
18424
18427
18430
18433
18436
18439
18442
18445
18448
18451
18454
18457
18460
18463
18466
18469
18472
18475
18478
18481
18484
18487
18490
18493
18496
18499
18502
18505
18508
18511
18514
18517
18520
18523
18526
18529
18532
18535
18538
18541
18544
18547
18550
18553
18556
18559
18562
18565
18568
18571
18574
18577
18580
18583
18586
18589
18592
18595
18598
18601
18604
18607
18610
18613
18616
18619
18622
18625
18628
18631
18634
18637
18640
18643
18646
18649
18652
18655
18658
18661
18664
18667
18670
18673
18676
18679
18682
18685
18688
18691
18694
18697
18700
18703
18706
18709
18712
18715
18718
18721
18724
18727
18730
18733
18736
18739
18742
18745
18748
18751
18754
18757
18760
18763
18766
18769
18772
18775
18778
18781
18784
18787
18790
18793
18796
18799
18802
18805
18808
18811
18814
18817
18820
18823
18826
18829
18832
18835
18838
18841
18844
18847
18850
18853
18856
18859
18862
18865
18868
18871
18874
18877
18880
18883
18886
18889
18892
18895
18898
18901
18904
18907
18910
18913
18916
18919
18922
18925
18928
18931
18934
18937
18940
18943
18946
18949
18952
18955
18958
18961
18964
18967
18970
18973
18976
18979
18982
18985
18988
18991
18994
18997
19000
19003
19006
19009
19012
19015
19018
19021
19024
19027
19030
19033
19036
19039
19042
19045
19048
19051
19054
19057
19060
19063
19066
19069
19072
19075
19078
19081
19084
19087
19090
19093
19096
19099
19102
19105
19108
19111
19114
19117
19120
19123
19126
19129
19132
19135
19138
19141
19144
19147
19150
19153
19156
19159
19162
19165
19168
19171
19174
19177
19180
19183
19186
19189
19192
19195
19198
19201
19204
19207
19210
19213
19216
19219
19222
19225
19228
19231
19234
19237
19240
19243
19246
19249
19252
19255
19258
19261
19264
19267
19270
19273
19276
19279
19282
19285
19288
19291
19294
19297
19300
19303
19306
19309
19312
19315
19318
19321
19324
19327
19330
19333
19336
19339
19342
19345
19348
19351
19354
19357
19360
19363
19366
19369
19372
19375
19378
19381
19384
19387
19390
19393
19396
19399
19402
19405
19408
19411
19414
19417
19420
19423
19426
19429
19432
19435
19438
19441
19444
19447
19450
19453
19456
19459
19462
19465
19468
19471
19474
19477
19480
19483
19486
19489
19492
19495
19498
19501
19504
19507
19510
19513
19516
19519
19522
19525
19528
19531
19534
19537
19540
19543
19546
19549
19552
19555
19558
19561
19564
19567
19570
19573
19576
19579
19582
19585
19588
19591
19594
19597
19600
19603
19606
19609
19612
19615
19618
19621
19624
19627
19630
19633
19636
19639
19642
19645
19648
19651
19654
19657
19660
19663
19666
19669
19672
19675
19678
19681
19684
19687
19690
19693
19696
19699
19702
19705
19708
19711
19714
19717
19720
19723
19726
19729
19732
19735
19738
19741
19744
19747
19750
19753
19756
19759
19762
19765
19768
19771
19774
19777
19780
19783
19786
19789
19792
19795
19798
19801
19804
19807
19810
19813
19816
19819
19822
19825
19828
19831
19834
19837
19840
19843
19846
19849
19852
19855
19858
19861
19864
19867
19870
19873
19876
19879
19882
19885
19888
19891
19894
19897
19900
19903
19906
19909
19912
19915
19918
19921
19924
19927
19930
19933
19936
19939
19942
19945
19948
19951
19954
19957
19960
19963
19966
19969
19972
19975
19978
19981
19984
19987
19990
19993
19996
19999
20002
20005
20008
20011
20014
20017
20020
20023
20026
20029
20032
20035
20038
20041
20044
20047
20050
20053
20056
20059
20062
20065
20068
20071
20074
20077
20080
20083
20086
20089
20092
20095
20098
20101
20104
20107
20110
20113
20116
20119
20122
20125
20128
20131
20134
20137
20140
20143
20146
20149
20152
20155
20158
20161
20164
20167
20170
20173
20176
20179
20182
20185
20188
20191
20194
20197
20200
20203
20206
20209
20212
20215
20218
20221
20224
20227
20230
20233
20236
20239
20242
20245
20248
20251
20254
20257
20260
20263
20266
20269
20272
20275
20278
20281
20284
20287
20290
20293
20296
20299
20302
20305
20308
20311
20314
20317
20320
20323
20326
20329
20332
20335
20338
20341
20344
20347
20350
20353
20356
20359
20362
20365
20368
20371
20374
20377
20380
20383
20386
20389
20392
20395
20398
20401
20404
20407
20410
20413
20416
20419
20422
20425
20428
20431
20434
20437
20440
20443
20446
20449
20452
20455
20458
20461
20464
20467
20470
20473
20476
20479
20482
20485
20488
20491
20494
20497
20500
20503
20506
20509
20512
20515
20518
20521
20524
20527
20530
20533
20536
20539
20542
20545
20548
20551
20554
20557
20560
20563
20566
20569
20572
20575
20578
20581
20584
20587
20590
20593
20596
20599
20602
20605
20608
20611
20614
20617
20620
20623
20626
20629
20632
20635
20638
20641
20644
20647
20650
20653
20656
20659
20662
20665
20668
20671
20674
20677
20680
20683
20686
20689
20692
20695
20698
20701
20704
20707
20710
20713
20716
20719
20722
20725
20728
20731
20734
20737
20740
20743
20746
20749
20752
20755
20758
20761
20764
20767
20770
20773
20776
20779
20782
20785
20788
20791
20794
20797
20800
20803
20806
20809
20812
20815
20818
20821
20824
20827
20830
20833
20836
20839
20842
20845
20848
20851
20854
20857
20860
20863
20866
20869
20872
20875
20878
20881
20884
20887
20890
20893
20896
20899
20902
20905
20908
20911
20914
20917
20920
20923
20926
20929
20932
20935
20938
20941
20944
20947
20950
20953
20956
20959
20962
20965
20968
20971
20974
20977
20980
20983
20986
20989
20992
20995
20998
21001
21004
21007
21010
21013
21016
21019
21022
21025
21028
21031
21034
21037
21040
21043
21046
21049
21052
21055
21058
21061
21064
21067
21070
21073
21076
21079
21082
21085
21088
21091
21094
21097
21100
21103
21106
21109
21112
21115
21118
21121
21124
21127
21130
21133
21136
21139
21142
21145
21148
21151
21154
21157
21160
21163
21166
21169
21172
21175
21178
21181
21184
21187
21190
21193
21196
21199
21202
21205
21208
21211
21214
21217
21220
21223
21226
21229
21232
21235
21238
21241
21244
21247
21250
21253
21256
21259
21262
21265
21268
21271
21274
21277
21280
21283
21286
21289
21292
21295
21298
21301
21304
21307
21310
21313
21316
21319
21322
21325
21328
21331
21334
21337
21340
21343
21346
21349
21352
21355
21358
21361
21364
21367
21370
21373
21376
21379
21382
21385
21388
21391
21394
21397
21400
21403
21406
21409
21412
21415
21418
21421
21424
21427
21430
21433
21436
21439
21442
21445
21448
21451
21454
21457
21460
21463
21466
21469
21472
21475
21478
21481
21484
21487
21490
21493
21496
21499
21502
21505
21508
21511
21514
21517
21520
21523
21526
21529
21532
21535
21538
21541
21544
21547
21550
21553
21556
21559
21562
21565
21568
21571
21574
21577
21580
21583
21586
21589
21592
21595
21598
21601
21604
21607
21610
21613
21616
21619
21622
21625
21628
21631
21634
21637
21640
21643
21646
21649
21652
21655
21658
21661
21664
21667
21670
21673
21676
21679
21682
21685
21688
21691
21694
21697
21700
21703
21706
21709
21712
21715
21718
21721
21724
21727
21730
21733
21736
21739
21742
21745
21748
21751
21754
21757
21760
21763
21766
21769
21772
21775
21778
21781
21784
21787
21790
21793
21796
21799
21802
21805
21808
21811
21814
21817
21820
21823
21826
21829
21832
21835
21838
21841
21844
21847
21850
21853
21856
21859
21862
21865
21868
21871
21874
21877
21880
21883
21886
21889
21892
21895
21898
21901
21904
21907
21910
21913
21916
21919
21922
21925
21928
21931
21934
21937
21940
21943
21946
21949
21952
21955
21958
21961
21964
21967
21970
21973
21976
21979
21982
21985
21988
21991
21994
21997
22000
22003
22006
22009
22012
22015
22018
22021
22024
22027
22030
22033
22036
22039
22042
22045
22048
22051
22054
22057
22060
22063
22066
22069
22072
22075
22078
22081
22084
22087
22090
22093
22096
22099
22102
22105
22108
22111
22114
22117
22120
22123
22126
22129
22132
22135
22138
22141
22144
22147
22150
22153
22156
22159
22162
22165
22168
22171
22174
22177
22180
22183
22186
22189
22192
22195
22198
22201
22204
22207
22210
22213
22216
22219
22222
22225
22228
22231
22234
22237
22240
22243
22246
22249
22252
22255
22258
22261
22264
22267
22270
22273
22276
22279
22282
22285
22288
22291
22294
22297
22300
22303
22306
22309
22312
22315
22318
22321
22324
22327
22330
22333
22336
22339
22342
22345
22348
22351
22354
22357
22360
22363
22366
22369
22372
22375
22378
22381
22384
22387
22390
22393
22396
22399
22402
22405
22408
22411
22414
22417
22420
22423
22426
22429
22432
22435
22438
22441
22444
22447
22450
22453
22456
22459
22462
22465
22468
22471
22474
22477
22480
22483
22486
22489
22492
22495
22498
22501
22504
22507
22510
22513
22516
22519
22522
22525
22528
22531
22534
22537
22540
22543
22546
22549
22552
22555
22558
22561
22564
22567
22570
22573
22576
22579
22582
22585
22588
22591
22594
22597
22600
22603
22606
22609
22612
22615
22618
22621
22624
22627
22630
22633
22636
22639
22642
22645
22648
22651
22654
22657
22660
22663
22666
22669
22672
22675
22678
22681
22684
22687
22690
22693
22696
22699
22702
22705
22708
22711
22714
22717
22720
22723
22726
22729
22732
22735
22738
22741
22744
22747
22750
22753
22756
22759
22762
22765
22768
22771
22774
22777
22780
22783
22786
22789
22792
22795
22798
22801
22804
22807
22810
22813
22816
22819
22822
22825
22828
22831
22834
22837
22840
22843
22846
22849
22852
22855
22858
22861
22864
22867
22870
22873
22876
22879
22882
22885
22888
22891
22894
22897
22900
22903
22906
22909
22912
22915
22918
22921
22924
22927
22930
22933
22936
22939
22942
22945
22948
22951
22954
22957
22960
22963
22966
22969
22972
22975
22978
22981
22984
22987
22990
22993
22996
22999
23002
23005
23008
23011
23014
23017
23020
23023
23026
23029
23032
23035
23038
23041
23044
23047
23050
23053
23056
23059
23062
23065
23068
23071
23074
23077
23080
23083
23086
23089
23092
23095
23098
23101
23104
23107
23110
23113
23116
23119
23122
23125
23128
23131
23134
23137
23140
23143
23146
23149
23152
23155
23158
23161
23164
23167
23170
23173
23176
23179
23182
23185
23188
23191
23194
23197
23200
23203
23206
23209
23212
23215
23218
23221
23224
23227
23230
23233
23236
23239
23242
23245
23248
23251
23254
23257
23260
23263
23266
23269
23272
23275
23278
23281
23284
23287
23290
23293
23296
23299
23302
23305
23308
23311
23314
23317
23320
23323
23326
23329
23332
23335
23338
23341
23344
23347
23350
23353
23356
23359
23362
23365
23368
23371
23374
23377
23380
23383
23386
23389
23392
23395
23398
23401
23404
23407
23410
23413
23416
23419
23422
23425
23428
23431
23434
23437
23440
23443
23446
23449
23452
23455
23458
23461
23464
23467
23470
23473
23476
23479
23482
23485
23488
23491
23494
23497
23500
23503
23506
23509
23512
23515
23518
23521
23524
23527
23530
23533
23536
23539
23542
23545
23548
23551
23554
23557
23560
23563
23566
23569
23572
23575
23578
23581
23584
23587
23590
23593
23596
23599
23602
23605
23608
23611
23614
23617
23620
23623
23626
23629
23632
23635
23638
23641
23644
23647
23650
23653
23656
23659
23662
23665
23668
23671
23674
23677
23680
23683
23686
23689
23692
23695
23698
23701
23704
23707
23710
23713
23716
23719
23722
23725
23728
23731
23734
23737
23740
23743
23746
23749
23752
23755
23758
23761
23764
23767
23770
23773
23776
23779
23782
23785
23788
23791
23794
23797
23800
23803
23806
23809
23812
23815
23818
23821
23824
23827
23830
23833
23836
23839
23842
23845
23848
23851
23854
23857
23860
23863
23866
23869
23872
23875
23878
23881
23884
23887
23890
23893
23896
23899
23902
23905
23908
23911
23914
23917
23920
23923
23926
23929
23932
23935
23938
23941
23944
23947
23950
23953
23956
23959
23962
23965
23968
23971
23974
23977
23980
23983
23986
23989
23992
23995
23998
24001
24004
24007
24010
24013
24016
24019
24022
24025
24028
24031
24034
24037
24040
24043
24046
24049
24052
24055
24058
24061
24064
24067
24070
24073
24076
24079
24082
24085
24088
24091
24094
24097
24100
24103
24106
24109
24112
24115
24118
24121
24124
24127
24130
24133
24136
24139
24142
24145
24148
24151
24154
24157
24160
24163
24166
24169
24172
24175
24178
24181
24184
24187
24190
24193
24196
24199
24202
24205
24208
24211
24214
24217
24220
24223
24226
24229
24232
24235
24238
24241
24244
24247
24250
24253
24256
24259
24262
24265
24268
24271
24274
24277
24280
24283
24286
24289
24292
24295
24298
24301
24304
24307
24310
24313
24316
24319
24322
24325
24328
24331
24334
24337
24340
24343
24346
24349
24352
24355
24358
24361
24364
24367
24370
24373
24376
24379
24382
24385
24388
24391
24394
24397
24400
24403
24406
24409
24412
24415
24418
24421
24424
24427
24430
24433
24436
24439
24442
24445
24448
24451
24454
24457
24460
24463
24466
24469
24472
24475
24478
24481
24484
24487
24490
24493
24496
24499
24502
24505
24508
24511
24514
24517
24520
24523
24526
24529
24532
24535
24538
24541
24544
24547
24550
24553
24556
24559
24562
24565
24568
24571
24574
24577
24580
24583
24586
24589
24592
24595
24598
24601
24604
24607
24610
24613
24616
24619
24622
24625
24628
24631
24634
24637
24640
24643
24646
24649
24652
24655
24658
24661
24664
24667
24670
24673
24676
24679
24682
24685
24688
24691
24694
24697
24700
24703
24706
24709
24712
24715
24718
24721
24724
24727
24730
24733
24736
24739
24742
24745
24748
24751
24754
24757
24760
24763
24766
24769
24772
24775
24778
24781
24784
24787
24790
24793
24796
24799
24802
24805
24808
24811
24814
24817
24820
24823
24826
24829
24832
24835
24838
24841
24844
24847
24850
24853
24856
24859
24862
24865
24868
24871
24874
24877
24880
24883
24886
24889
24892
24895
24898
24901
24904
24907
24910
24913
24916
24919
24922
24925
24928
24931
24934
24937
24940
24943
24946
24949
24952
24955
24958
24961
24964
24967
24970
24973
24976
24979
24982
24985
24988
24991
24994
24997
25000
25003
25006
25009
25012
25015
25018
25021
25024
25027
25030
25033
25036
25039
25042
25045
25048
25051
25054
25057
25060
25063
25066
25069
25072
25075
25078
25081
25084
25087
25090
25093
25096
25099
25102
25105
25108
25111
25114
25117
25120
25123
25126
25129
25132
25135
25138
25141
25144
25147
25150
25153
25156
25159
25162
25165
25168
25171
25174
25177
25180
25183
25186
25189
25192
25195
25198
25201
25204
25207
25210
25213
25216
25219
25222
25225
25228
25231
25234
25237
25240
25243
25246
25249
25252
25255
25258
25261
25264
25267
25270
25273
25276
25279
25282
25285
25288
25291
25294
25297
25300
25303
25306
25309
25312
25315
25318
25321
25324
25327
25330
25333
25336
25339
25342
25345
25348
25351
25354
25357
25360
25363
25366
25369
25372
25375
25378
25381
25384
25387
25390
25393
25396
25399
25402
25405
25408
25411
25414
25417
25420
25423
25426
25429
25432
25435
25438
25441
25444
25447
25450
25453
25456
25459
25462
25465
25468
25471
25474
25477
25480
25483
25486
25489
25492
25495
25498
25501
25504
25507
25510
25513
25516
25519
25522
25525
25528
25531
25534
25537
25540
25543
25546
25549
25552
25555
25558
25561
25564
25567
25570
25573
25576
25579
25582
25585
25588
25591
25594
25597
25600
25603
25606
25609
25612
25615
25618
25621
25624
25627
25630
25633
25636
25639
25642
25645
25648
25651
25654
25657
25660
25663
25666
25669
25672
25675
25678
25681
25684
25687
25690
25693
25696
25699
25702
25705
25708
25711
25714
25717
25720
25723
25726
25729
25732
25735
25738
25741
25744
25747
25750
25753
25756
25759
25762
25765
25768
25771
25774
25777
25780
25783
25786
25789
25792
25795
25798
25801
25804
25807
25810
25813
25816
25819
25822
25825
25828
25831
25834
25837
25840
25843
25846
25849
25852
25855
25858
25861
25864
25867
25870
25873
25876
25879
25882
25885
25888
25891
25894
25897
25900
25903
25906
25909
25912
25915
25918
25921
25924
25927
25930
25933
25936
25939
25942
25945
25948
25951
25954
25957
25960
25963
25966
25969
25972
25975
25978
25981
25984
25987
25990
25993
25996
25999
26002
26005
26008
26011
26014
26017
26020
26023
26026
26029
26032
26035
26038
26041
26044
26047
26050
26053
26056
26059
26062
26065
26068
26071
26074
26077
26080
26083
26086
26089
26092
26095
26098
26101
26104
26107
26110
26113
26116
26119
26122
26125
26128
26131
26134
26137
26140
26143
26146
26149
26152
26155
26158
26161
26164
26167
26170
26173
26176
26179
26182
26185
26188
26191
26194
26197
26200
26203
26206
26209
26212
26215
26218
26221
26224
26227
26230
26233
26236
26239
26242
26245
26248
26251
26254
26257
26260
26263
26266
26269
26272
26275
26278
26281
26284
26287
26290
26293
26296
26299
26302
26305
26308
26311
26314
26317
26320
26323
26326
26329
26332
26335
26338
26341
26344
26347
26350
26353
26356
26359
26362
26365
26368
26371
26374
26377
26380
26383
26386
26389
26392
26395
26398
26401
26404
26407
26410
26413
26416
26419
26422
26425
26428
26431
26434
26437
26440
26443
26446
26449
26452
26455
26458
26461
26464
26467
26470
26473
26476
26479
26482
26485
26488
26491
26494
26497
26500
26503
26506
26509
26512
26515
26518
26521
26524
26527
26530
26533
26536
26539
26542
26545
26548
26551
26554
26557
26560
26563
26566
26569
26572
26575
26578
26581
26584
26587
26590
26593
26596
26599
26602
26605
26608
26611
26614
26617
26620
26623
26626
26629
26632
26635
26638
26641
26644
26647
26650
26653
26656
26659
26662
26665
26668
26671
26674
26677
26680
26683
26686
26689
26692
26695
26698
26701
26704
26707
26710
26713
26716
26719
26722
26725
26728
26731
26734
26737
26740
26743
26746
26749
26752
26755
26758
26761
26764
26767
26770
26773
26776
26779
26782
26785
26788
26791
26794
26797
26800
26803
26806
26809
26812
26815
26818
26821
26824
26827
26830
26833
26836
26839
26842
26845
26848
26851
26854
26857
26860
26863
26866
26869
26872
26875
26878
26881
26884
26887
26890
26893
26896
26899
26902
26905
26908
26911
26914
26917
26920
26923
26926
26929
26932
26935
26938
26941
26944
26947
26950
26953
26956
26959
26962
26965
26968
26971
26974
26977
26980
26983
26986
26989
26992
26995
26998
27001
27004
27007
27010
27013
27016
27019
27022
27025
27028
27031
27034
27037
27040
27043
27046
27049
27052
27055
27058
27061
27064
27067
27070
27073
27076
27079
27082
27085
27088
27091
27094
27097
27100
27103
27106
27109
27112
27115
27118
27121
27124
27127
27130
27133
27136
27139
27142
27145
27148
27151
27154
27157
27160
27163
27166
27169
27172
27175
27178
27181
27184
27187
27190
27193
27196
27199
27202
27205
27208
27211
27214
27217
27220
27223
27226
27229
27232
27235
27238
27241
27244
27247
27250
27253
27256
27259
27262
27265
27268
27271
27274
27277
27280
27283
27286
27289
27292
27295
27298
27301
27304
27307
27310
27313
27316
27319
27322
27325
27328
27331
27334
27337
27340
27343
27346
27349
27352
27355
27358
27361
27364
27367
27370
27373
27376
27379
27382
27385
27388
27391
27394
27397
27400
27403
27406
27409
27412
27415
27418
27421
27424
27427
