0
351
628
907
1154
1611
2030
2595
3188
3571
3986
4413
4926
5293
5916
6253
6754
6795
7234
7659
8166
8523
9102
9525
10060
10567
10886
11355
11794
11837
12214
12663
13136
13533
14036
14497
14946
15277
15726
16167
16628
16671
17068
17549
17992
18393
18818
19495
19768
20425
21138
21183
21712
22713
23302
23735
24324
24837
25738
26109
26500
27191
28282
28331
29308
30033
31306
32497
33996
35263
35476
36257
37176
38123
40364
40409
42642
44975
47240
47651
48260
48575
49774
50613
51180
51651
51700
51747
51790
52531
52940
53349
53730
54143
54552
55117
56244
56677
57162
57563
57606
58021
58664
59031
59444
60115
60482
60971
61678
62529
63376
63847
63888
64407
64736
65141
65744
66401
67380
67927
68740
69607
70094
70465
70938
71381
71776
72423
72896
73759
74276
75549
76538
77005
77596
80603
83562
83967
84350
85627
86908
89471
90386
91489
92144
92869
93466
94051
94352
95109
95748
96045
96776
97303
97788
98593
99398
100203
101102
101389
103158
104693
105892
106263
107232
109445
110510
110873
111504
112395
112792
113403
114228
114761
115940
116263
116870
117493
118610
119551
120218
120587
121482
122439
123368
124175
124826
125113
125730
126481
127174
127701
128056
128807
129386
129961
130516
131071
131604
131869
132430
132985
133504
133779
134292
134905
135602
136165
136714
137243
137826
138105
138612
139163
139452
140009
140522
140997
141798
142227
142750
143419
143944
144579
145080
145355
145726
146459
146838
147901
148404
148915
149518
150085
151696
152263
152898
153111
153738
154333
154814
155311
155920
156473
157280
157797
158470
159143
159458
159989
161376
162013
163074
164731
165454
166177
166856
168079
168594
168975
169402
169627
170074
170461
170974
171743
172350
173201
173848
174715
175082
175649
176142
176873
177508
178109
178716
179341
179912
180683
181294
181893
182736
183279
183878
184431
185066
185561
186174
186831
187416
188263
188668
189419
189848
190367
191348
191785
192510
193217
193910
194825
195296
195691
196940
197467
197980
198531
199092
199435
199910
200467
201050
201579
201984
202539
203094
203669
204282
204861
205374
205865
206414
206969
207502
207899
208366
208929
209626
210133
210652
211037
212236
212553
213908
215443
215728
216097
216996
217965
220178
221243
222134
222857
224514
225237
225460
226091
226446
227833
228424
228935
229668
230337
230860
231477
232002
232653
232914
233189
233690
234753
235256
236069
236636
237239
238228
239451
239966
240575
241338
241907
242658
243155
243682
244167
244706
245149
245618
246051
246436
246781
247230
247743
248422
248829
249244
249635
250308
250689
251164
251653
252074
252657
252896
253339
253796
254201
254838
255595
256192
256997
257484
257643
258358
258405
258834
259671
260402
261209
261682
262121
262996
263803
264222
264829
265946
266581
267248
267797
268330
268941
269870
270493
271388
271641
272598
273777
274718
275155
275980
276915
277432
278705
279304
279855
280104
280565
281794
284753
287316
287659
288940
289413
290690
291691
294698
295057
295342
295895
296370
297143
298126
298789
299186
299843
300708
301769
302952
303737
304428
305209
305870
306391
308160
308961
309332
309935
310502
311097
311514
312011
312638
313119
314730
315315
315862
317169
318272
318789
319306
319675
321024
321651
322582
323127
323530
323911
324490
324887
325300
325701
326174
326627
327092
327469
328294
329115
329856
331139
331830
332143
332670
333073
333558
334085
334556
336531
337004
337425
337660
338051
338546
338911
339212
339671
340116
340547
340964
342799
343270
343797
344286
344921
345572
345815
346314
346939
347530
347927
349408
350159
350660
351081
351432
351699
352084
352497
353034
353631
354132
354619
355716
356235
356758
357377
357774
358235
358602
359013
359432
359883
360532
363793
364336
364859
365554
366047
366366
366951
367342
367867
368368
368849
369598
370329
371210
371665
372344
372719
373230
373681
374158
374773
375246
375765
376356
376865
378680
379211
379684
379931
380598
380955
381784
382335
383348
383825
384754
385247
385780
387603
387874
389565
390312
390993
391474
392177
392736
393251
393640
394141
394646
394909
395492
395879
396338
396857
398350
399421
399830
405407
405780
406397
406812
407259
407712
408441
409026
409531
410088
410497
411608
412255
413556
413923
414478
414991
416280
416777
419166
419709
420234
420915
421534
422415
422798
423329
423868
424503
425076
425967
426524
427125
427676
428507
429166
429729
433988
434491
434930
435493
435998
436619
437140
437705
438066
438809
439194
439745
440286
440779
441272
441705
442136
442535
442934
443301
443630
443897
444204
445511
446174
446637
447050
447741
448190
448639
449066
449433
449760
450105
450554
452507
453228
453595
454072
454549
455478
456407
456972
457537
457838
458429
459020
459537
461344
461711
462164
462617
463018
463419
463870
464135
464586
464969
465352
465871
466174
466789
467292
467715
468130
468675
469030
469575
470088
470455
470852
471249
472428
472851
473284
473875
474398
474735
475618
476189
476644
477011
477720
478477
481126
481493
482076
482671
482930
483545
483912
484847
485194
485493
485786
486179
486682
487049
487504
487845
488212
488915
489410
489835
490260
490643
491116
491661
492156
492701
492988
493417
493840
494611
495214
495775
496156
496647
497542
498373
499244
499591
500394
500767
501140
501553
501966
502449
502932
503401
503870
504303
504570
504805
505948
506381
506766
507151
507698
508289
508880
509405
509814
510267
510568
511297
513116
513501
513886
514163
514440
514717
514994
515269
515544
515771
516024
516277
517418
517663
517908
518149
518390
518623
518856
519081
519322
519547
519914
520161
520776
521171
521418
521609
521800
521991
522182
522373
522558
522743
523046
523413
523846
524219
524662
525173
525596
526113
526504
527461
527918
528627
529042
529457
529986
531287
531710
532125
532558
532845
533230
533705
534180
535153
535574
536043
536578
537171
537760
538349
538682
539539
539996
540247
540614
540981
541434
541957
542628
543463
544170
544417
544854
545811
546178
546619
547062
548121
548550
548981
549338
550081
550418
550789
551056
551487
551858
552225
553010
553619
554280
555071
555508
555777
557270
558579
558928
559761
560706
561473
561840
562261
562688
562971
563452
563641
564198
566125
566682
567153
567624
568179
568734
569177
569622
570249
570580
571007
571374
573193
573778
574363
574948
575533
575870
576207
576544
576897
577234
577571
577908
578211
578548
578885
579220
579557
579894
580231
580644
580981
581318
582041
582658
583181
584364
584915
585466
586009
586502
586753
587246
587807
588174
588593
589152
589675
592422
592945
593682
594173
594412
594903
595582
596261
596628
597281
597934
598587
599098
599751
600360
600641
601158
601675
602042
602523
602890
603509
603910
604837
605334
605817
606066
606793
607160
607763
608210
609703
610484
610959
611434
611893
612762
613007
613466
613843
614220
614805
615368
615781
616432
616941
617768
618135
618488
618757
620994
621595
622196
622797
623398
623829
624186
624653
625428
626287
626458
627055
628482
629117
629696
630199
630934
631537
631904
633007
633446
633707
634082
634609
635742
636269
636796
637325
637854
638369
638740
639105
639362
639735
640108
640619
641306
642319
642870
643237
643856
644743
645168
645507
645920
646351
646704
647071
648170
649051
649418
650367
650850
651373
651658
652085
652512
653209
653906
654603
654908
655505
655916
656189
657178
657409
658398
658813
659324
659925
660504
660885
661266
661647
662158
662941
663228
664521
665296
666071
666916
667761
668128
668713
669298
670525
670810
671035
671396
671757
672182
672607
673358
674109
674896
675683
676382
677081
677320
677801
678332
678863
679638
680413
680958
681841
682724
683713
684702
684989
685250
685619
686318
686913
687612
688675
689738
690705
691672
692577
693482
694147
694448
695343
696238
697077
697846
698615
699518
700421
701446
702471
703382
703569
704480
704851
705318
705763
706348
707159
707538
708181
708664
709179
709510
710019
710434
710845
711494
713317
713812
714645
715324
716115
716950
717177
718046
718677
719172
720159
720618
721009
721376
722737
723282
724015
724260
724737
725408
725891
726472
727001
728246
728617
729132
729985
730424
730759
731292
732229
732396
732805
733218
733515
733926
735143
736442
736839
737168
737559
737926
738245
738502
738877
739174
739443
739694
739973
740548
740791
741038
741467
741930
742505
742836
743353
743692
743955
744194
744447
744816
745643
746032
746281
746648
746951
747318
747933
748540
748975
749696
749969
750180
750457
751198
751505
751888
752347
752974
753475
753992
754389
754844
755157
755564
755993
757290
757679
758066
758657
759146
760019
761190
761683
761844
762317
762708
763079
765062
765483
765980
766595
767168
767853
768540
768709
769104
769577
770096
770695
772498
773195
773622
774057
774494
775211
775426
775813
776196
776579
777050
777573
779054
779535
780060
780529
781080
781179
781806
782319
782982
783507
783930
784665
785762
786141
787074
787461
787560
787943
788326
788697
789096
789475
790378
790975
794238
794751
795138
795237
795618
796027
796420
796813
797194
797669
798278
798697
799210
799707
799806
800519
801006
801383
801766
802287
802668
803159
803984
804581
805076
805175
805698
806193
806568
806939
807342
807745
808120
808497
808890
809319
809588
809687
810554
810939
811308
811703
812094
812485
812878
813271
813674
814083
814182
814601
815048
815527
816236
817073
817712
818601
819742
820145
820686
820785
821770
822157
822396
822789
823184
823565
823958
824357
824746
825131
825230
826215
827054
827937
828174
828591
828988
829443
829830
830343
830948
831489
831882
832265
832660
833027
833266
833761
834254
834787
835678
836209
836378
837007
837618
838109
838516
838897
839136
839539
839916
840347
840778
840877
841228
842473
842928
843315
843696
844151
844386
844779
845596
846291
846390
846995
847500
848197
848582
848949
849348
849737
849974
850355
850724
850823
851202
851659
852124
852333
852712
853065
853428
853827
854114
854271
854370
854753
855174
855575
856090
856523
856916
857303
857772
858139
858756
859041
859140
859299
859714
860417
861068
861551
861984
862367
862756
863233
863742
863841
864246
864405
864808
865209
866372
866771
867160
867549
867966
868371
868470
869109
869520
869677
870348
870839
871210
871807
872694
873171
873602
873701
874580
877059
877422
877579
878034
878475
878902
879315
879808
881037
881136
881595
882168
882603
883038
883317
883816
884337
884880
885477
886298
886397
887028
887451
887818
888243
888868
889147
889992
890529
891018
891825
893308
893701
894342
895259
896014
896883
897298
897595
898368
898945
899864
899963
900686
901457
902350
903251
904160
904561
904962
905259
905740
906107
906206
906749
907402
907925
908786
909451
910116
910573
911786
912047
912584
912683
913050
913401
913872
914247
914582
914877
915254
915533
916042
916615
916920
917019
917280
918235
919330
919847
920360
920831
921632
922025
922400
922769
922868
923361
923712
924243
924610
925453
926104
926905
927276
927763
928228
928327
928930
929329
929680
930209
930806
931737
932104
932979
933816
934681
934780
935267
935698
936071
936374
936865
937286
937669
938080
938469
939316
939415
939866
940333
941274
942105
942408
943077
943952
944337
945186
945917
946016
946751
947176
947637
948256
948691
949018
949409
950012
950769
951466
951565
952116
952611
953104
953539
954086
954819
955146
955701
956486
957441
958622
959573
960142
961121
961728
962281
962864
963373
963666
964679
965530
965629
966286
966931
967590
968159
968526
968951
969804
970635
970928
971919
972018
972473
972932
973901
974280
975049
975818
976233
976968
977985
978290
978609
978724
979973
980840
981453
981980
982933
983598
984479
985208
985971
986708
987093
987626
987885
988744
989539
990412
990965
991590
992127
992500
992867
993166
993905
995240
995541
996318
997463
998356
998673
999120
999779
1000282
1000571
1001118
1001655
1002332
1002629
1003938
1004501
1004942
1005591
1006046
1006877
1007236
1008439
1009402
1009913
1010592
1010891
1011444
1011983
1012424
1012935
1013440
1013591
1014274
1014623
1014990
1015707
1016330
1016595
1017272
1017925
1018330
1018707
1018942
1019341
1019730
1020119
1021044
1021539
1022488
1022821
1023672
1024559
1025466
1025681
1026494
1027225
1028052
1029017
1029560
1030139
1030538
1030843
1031372
1031785
1031954
1033019
1033896
1034515
1035160
1035613
1036116
1037009
1037422
1037699
1037956
1038401
1038884
1039353
1039844
1040239
1040692
1041655
1042612
1044183
1044878
1045171
1045460
1046037
1047258
1048323
1048948
1051465
1051832
1053615
1054194
1055253
1055866
1056743
1057102
1057377
1057744
1058687
1059104
1059551
1060392
1061063
1062060
1062615
1063290
1063533
1064258
1064843
1065142
1065711
1066166
1066637
1067396
1067929
1068530
1068897
1069332
1069889
1070404
1070871
1071158
1072977
1073348
1073873
1074454
1075017
1075744
1076227
1076804
1077543
1078254
1078895
1079218
1080191
1080642
1081093
1081536
1082199
1082494
1083155
1083750
1084117
1086610
1086977
1087274
1087931
1088472
1088915
1089360
1089889
1090282
1090769
1091270
1092379
1093226
1093773
1094068
1094615
1095320
1095891
1096312
1096825
1097544
1098253
1098770
1099625
1100568
1101053
1101420
1101997
1102676
1103093
1103712
1104621
1105408
1106409
1106908
1107711
1108478
1108995
1109294
1109835
1110576
1111411
1111846
1112321
1113450
1114049
1114570
1115119
1115566
1116709
1117050
1117339
1117760
1118353
1118904
1119371
1119886
1120401
1120862
1121435
1121900
1122295
1123088
1123257
1123590
1124175
1124562
1125053
1125700
1126215
1126784
1127331
1128508
1129489
1129824
1130559
1130876
1131413
1131970
1132441
1133088
1133811
1134580
1135099
1136288
1136551
1136918
1137285
1137648
1138009
1138794
1139593
1140064
1140481
1141572
1142205
1142554
1143077
1143686
1144053
1144566
1144909
1145528
1145937
1146432
1146793
1147154
1147385
1147974
1148499
1149030
1149397
1149886
1150237
1150704
1151071
1151438
1151889
1152206
1153007
1153530
1154053
1154278
1154845
1155412
1155761
1156334
1156709
1157084
1157613
1157980
1158361
1158844
1159353
1159830
1160327
1160826
1161141
1161624
1162119
1162548
1163039
1163726
1164195
1164684
1165263
1165934
1166427
1166862
1167179
1167614
1168035
1168428
1168821
1171026
1173231
1173644
1174195
1174590
1175139
1175652
1175927
1176204
1176373
1176990
1177549
1179210
1179659
1180108
1180495
1181972
1182821
1183338
1184187
1184462
1184737
1185464
1186063
1186662
1187171
1187654
1188201
1188532
1189297
1189774
1189979
1190688
1191013
1191380
1191831
1192326
1193009
1193638
1194123
1194456
1195003
1195352
1195781
1196358
1196665
1197014
1197425
1197820
1198215
1198734
1199151
1199594
1199795
1200326
1200751
1201270
1201605
1201942
1202347
1202734
1203165
1203760
1204173
1204428
1204923
1205526
1205995
1206454
1206897
1207234
1207725
1208194
1209089
1209558
1210087
1210570
1211045
1211506
1211873
1212286
1212627
1212942
1213353
1213960
1214407
1214944
1215527
1215900
1216393
1217108
1217491
1217964
1218699
1219002
1219737
1220152
1220579
1221044
1221495
1221842
1222381
1222808
1223197
1223600
1224045
1224408
1224831
1225252
1225721
1226140
1226523
1227358
1227737
1228564
1229219
1230054
1231261
1231596
1231883
1232168
1232697
1233316
1234029
1234460
1235345
1235936
1236693
1237234
1237959
1238562
1238731
1239058
1239479
1239938
1240545
1241152
1241739
1242284
1242829
1243310
1244121
1244730
1245255
1245596
1246043
1246476
1247237
1248416
1248803
1249198
1249591
1249984
1250253
1250656
1251031
1251310
1251785
1252262
1252837
1253264
1253717
1254250
1254745
1255406
1255859
1256220
1256631
1256910
1259011
1259532
1260103
1260492
1261019
1261578
1262055
1262494
1262957
1263372
1263783
1264166
1264445
1264774
1265093
1265592
1266091
1266534
1267093
1267732
1268195
1268744
1269271
1269798
1270077
1270734
1271243
1272314
1272735
1273222
1273945
1274332
1274771
1275284
1275797
1276660
1276949
1277316
1277731
1278088
1278515
1279402
1279885
1280364
1280773
1281642
1282007
1282372
1282671
1283022
1283379
1283834
1284215
1284630
1285061
1285492
1285935
1286360
1286715
1287122
1287463
1287780
1288063
1288368
1289173
1289600
1290125
1290634
1291223
1292160
1292895
1293476
1293971
1294628
1294939
1295220
1295809
1296448
1297041
1297816
1298181
1298576
1299041
1299434
1299795
1301288
1302157
1302472
1302991
1303384
1303777
1304144
1304623
1305102
1305683
1306156
1306655
1307170
1307685
1308002
1308465
1308928
1309327
1309726
1310191
1310656
1312217
1312678
1313187
1313696
1314153
1314486
1314943
1316508
1317033
1317534
1318009
1318476
1318897
1319478
1320005
1320586
1321189
1321528
1322025
1322392
1322781
1323282
1323909
1324266
1324835
1325346
1326005
1326534
1327139
1327428
1327737
1328046
1328515
1328890
1329133
1329586
1330279
1330706
1331131
1331922
1332713
1333162
1333657
1333996
1334481
1334800
1335207
1335858
1336509
1336930
1337353
1337790
1338113
1339112
1339505
1339832
1340179
1340682
1341089
1341496
1342051
1342628
1343031
1343392
1343803
1344478
1344869
1345224
1345567
1345956
1346919
1347388
1347987
1348652
1349227
1349900
1350579
1351270
1352199
1352568
1353015
1353350
1353887
1354458
1354937
1355316
1355837
1356396
1356955
1357390
1357767
1358202
1358641
1359016
1359533
1360050
1360533
1360936
1361339
1361834
1362193
1362362
1362855
1363488
1363839
1364124
1364493
1364860
1365349
1365818
1366405
1366992
1367279
1367794
1368327
1368714
1369153
1369438
1369871
1370288
1370697
1371164
1371631
1371936
1372365
1372758
1373129
1373506
1374043
1374342
1374711
1375322
1375933
1376266
1376723
1377114
1377505
1378086
1378667
1379310
1379953
1380252
1380943
1381634
1382001
1382422
1383067
1383606
1384041
1384630
1385187
1385872
1386541
1386932
1387211
1387726
1388103
1388590
1389103
1389656
1390137
1390528
1390919
1391310
1391697
1392082
1392361
1392724
1393109
1393644
1394237
1394830
1395403
1395976
1396573
1397170
1397769
1398368
1398655
1398886
1399167
1400068
1400591
1401114
1401811
1402208
1402739
1403270
1403943
1404592
1404919
1405628
1405909
1406270
1406631
1407056
1407681
1408190
1408679
1409206
1409613
1410012
1410539
1410978
1411283
1411826
1412381
1412804
1413275
1413624
1414063
1414490
1414879
1415528
1416141
1416588
1416893
1417386
1417981
1418782
1419275
1419910
1420387
1421564
1422041
1422602
1423507
1424254
1424567
1425366
1425981
1426790
1427367
1427866
1428059
1428630
1429227
1429968
1430645
1431260
1431585
1432350
1433097
1433742
1434457
1434878
1435575
1436332
1436853
1437456
1438349
1439326
1439695
1440134
1440939
1441456
1441703
1442202
1442715
1443586
1444317
1444786
1445271
1445998
1446303
1446770
1447265
1447402
1447889
1448320
1449187
1449584
1449989
1450356
1450775
1451194
1451573
1451904
1452041
1452450
1452859
1453366
1453873
1454240
1454607
1455120
1455567
1455910
1456253
1456542
1456757
1457020
1457365
1458142
1458665
1459178
1459595
1460026
1460539
1460900
1461261
1461476
1462465
1462754
1463251
1463748
1464467
1464848
1465249
1465682
1466147
1466606
1466785
1467234
1467711
1468000
1468491
1468962
1469423
1469790
1470257
1470826
1471395
1471562
1472315
1472780
1473169
1473500
1473877
1474358
1474929
1475682
1476419
1476828
1477249
1477852
1478479
1478986
1479719
1480048
1480621
1481194
1481679
1482164
1482787
1483152
1483775
1484216
1484657
1485690
1486477
1486792
1487291
1487944
1488771
1489444
1489803
1490208
1490763
1491318
1492107
1492632
1493243
1493566
1494395
1494984
1495787
1496204
1497029
1497870
1498379
1498854
1499329
1500530
1501197
1501524
1501997
1502418
1503005
1503356
1503707
1504058
1504461
1504896
1505381
1505866
1506367
1506666
1507097
1507524
1508059
1508854
1509429
1510004
1510711
1511082
1511763
1512444
1513099
1513408
1513699
1514034
1514349
1514828
1515307
1515674
1516185
1516552
1517455
1517986
1518545
1519148
1519569
1520054
1520385
1520926
1521401
1521824
1522365
1522792
1523417
1523784
1524461
1524802
1525335
1525882
1526227
1526736
1527229
1527918
1528361
1528912
1529391
1529774
1530095
1530480
1530865
1531350
1531667
1532218
1532683
1533104
1533525
1533930
1534335
1534670
1535069
1535468
1535979
1536490
1536785
1537300
1537675
1538050
1538415
1538780
1539133
1539468
1539803
1540176
1540549
1540950
1541251
1541652
1543001
1543628
1544161
1544888
1545303
1545694
1546085
1546680
1547275
1547758
1548061
1548544
1548949
1549362
1549625
1550054
1550465
1551010
1551509
1552070
1552499
1553102
1553387
1553990
1554593
1554828
1555519
1556216
1556947
1557728
1558447
1559246
1559849
1560586
1560865
1561556
1562031
1562728
1563459
1564240
1564959
1565758
1566559
1567262
1567629
1567966
1568279
1568570
1568979
1569414
1569975
1570462
1570829
1571488
1572113
1572546
1572979
1573458
1574585
1575064
1575405
1575694
1576193
1576692
1577281
1577774
1578267
1578634
1579001
1579446
1579689
1580094
1580517
1580854
1581211
1581588
1582183
1582624
1583085
1583528
1583895
1584214
1584581
1585452
1586323
1586658
1587025
1587392
1587793
1588270
1588669
1589074
1589415
1589992
1590359
1590726
1591381
1591692
1592189
1592660
1593027
1593438
1593945
1594248
1594751
1595318
1596123
1596490
1597043
1597342
1598003
1599276
1599989
1600392
1600763
1601202
1601569
1602126
1602493
1603144
1603523
1603858
1604257
1604624
1605045
1605200
1605567
1605916
1606275
1606768
1607197
1607568
1607945
1608276
1608645
1609296
1609645
1610082
1610565
1611048
1611481
1611914
1612361
1612792
1613243
1613532
1613977
1614248
1614657
1615302
1615711
1616250
1616785
1617256
1617891
1618306
1619107
1619380
1619967
1620238
1620811
1621198
1622675
1623524
1624127
1624550
1624943
1625446
1626001
1626578
1626881
1627178
1627581
1628042
1628485
1628864
1629085
1629310
1629575
1629936
1630125
1630682
1630941
1631272
1631529
1631680
1631861
1632368
1633099
1634130
1635027
1635254
1635675
1636320
1637081
1637806
1638101
1638614
1639483
1640108
1640739
1641436
1641969
1642268
1642813
1643376
1644217
1645082
1645359
1645968
1646581
1647054
1647587
1648310
1648583
1650210
1651837
1652652
1653517
1654278
1654595
1655356
1655989
1656536
1657001
1657516
1658155
1658718
1659203
1659688
1660321
1660754
1661053
1661520
1662217
1663436
1663839
1664504
1665169
1665890
1666611
1667106
1667601
1668326
1668609
1669334
1669949
1670494
1671109
1671822
1672475
1673128
1673705
1674282
1675155
1675598
1675903
1676346
1676793
1677268
1677771
1678504
1679133
1679898
1680407
1681050
1681699
1682428
1682723
1683032
1683453
1684086
1684579
1685202
1685725
1686482
1686933
1687422
1688077
1688722
1689727
1689950
1690263
1690864
1691495
1692088
1692523
1693208
1693915
1694490
1695269
1695636
1695853
1696262
1696573
1696980
1697389
1697798
1698207
1698616
1699023
1699418
1699937
1700274
1700691
1701134
1701451
1701744
1702169
1702688
1703119
1703544
1704025
1704400
1704739
1705290
1706119
1706724
1707343
1707638
1708237
1709142
1709889
1710688
1711303
1711642
1712451
1712988
1713497
1713990
1714457
1714718
1715421
1715990
1716481
1717090
1717623
1718188
1718559
1719084
1719879
1720246
1720679
1721048
1721769
1722184
1722787
1723288
1723855
1724342
1724773
1725640
1726037
1726442
1726861
1727144
1727553
1728060
1728409
1728776
1729289
1729802
1730169
1730616
1730959
1731302
1731647
1732002
1732559
1732976
1733343
1733710
1734077
1734528
1735177
1735702
1736149
1736516
1737717
1738004
1738313
1738412
1739119
1739486
1739853
1740306
1740673
1741174
1741541
1742050
1742439
1743240
1743581
1743868
1744361
1744964
1745591
1746098
1746759
1747502
1748121
1749022
1749313
1749828
1750333
1750942
1751497
1752044
1752603
1753076
1753705
1753996
1754411
1755014
1755449
1755864
1756357
1757020
1757511
1758202
1758651
1759018
1759319
1759698
1759933
1760256
1760259
1760792
1761139
1761432
1761731
1762156
1762455
1762882
1764053
1765512
1765861
1766542
1766987
1767590
1768019
1768500
1768801
1769344
1769861
1770218
1771975
1772584
1773191
1773620
1773923
1774512
1775239
1775768
1776325
1776788
1777541
1778170
1778521
1778862
1779283
1779540
1780135
1780502
1780983
1781690
1782301
1783098
1783697
1783866
1784357
1784724
1784939
1785252
1785695
1786138
1786537
1786924
1787335
1787738
1788159
1788544
1788941
1789390
1789797
1790108
1790509
1791100
1791645
1792050
1794307
1794636
1795055
1795224
1795393
1795888
1796319
1796928
1797241
1797948
1798619
1799106
1799765
1800376
1800743
1801378
1801837
1802214
1802587
1803002
1803305
1803724
1804191
1804872
1805125
1805968
1806685
1807422
1808657
1810414
1811375
1812250
1812553
1813222
1813797
1813982
1814649
1815348
1816915
1818412
1818845
1819376
1819839
1820212
1820527
1820834
1821085
1821648
1822045
1822496
1822947
1823326
1823875
1824276
1824773
1825192
1825863
1826138
1826399
1826766
1827133
1827740
1828115
1828480
1828815
1829188
1829589
1829902
1830133
1830464
1830825
1831210
1831487
1831754
1832127
1832670
1833211
1833418
1833945
1834330
1834641
1835042
1835559
1835984
1836297
1836476
1837357
1837512
1837783
1839074
1839419
1839678
1839979
1840256
1840529
1840822
1841189
1841496
1841753
1842394
1842567
1842736
1842973
1843296
1843631
1843846
1844359
1844856
1845159
1845478
1845939
1846280
1846577
1846882
1847295
1847836
1848209
1848544
1848715
1849106
1849657
1849882
1850051
1850392
1850537
1850760
1851043
1851264
1851497
1851710
1851837
1852336
1852565
1852726
1852951
1853440
1853785
1854142
1854433
1854698
1855059
1855248
1855507
1855658
1855839
1856346
1857077
1857374
1858405
1858696
1859593
1859820
1860149
1860468
1860863
1861374
1861723
1862014
1862905
1863180
1863509
1863834
1864153
1864600
1864931
1865260
1865589
1865872
1866199
1866550
1866913
1867276
1867639
1868002
1868451
1869030
1869453
1869914
1870553
1870836
1871257
1871620
1872065
1872632
1872995
1873530
1873947
1874450
1874861
1875394
1875811
1876060
1876391
1876900
1877287
1877770
1878183
1878680
1879177
1879656
1880105
1880746
1881343
1882144
1882475
1882932
1883497
1884090
1884669
1885032
1885621
1886054
1886643
1887140
1887707
1887990
1888461
1889132
1889839
1890690
1891209
1892022
1892889
1893376
1893635
1893804
1894451
1894968
1895251
1896524
1896991
1897582
1900589
1903548
1904825
1906106
1906345
1908908
1909823
1910926
1911233
1911958
1912555
1913312
1914043
1914848
1915599
1915904
1916597
1917348
1917915
1918524
1918785
1919592
1920265
1920712
1921225
1921872
1922213
1922780
1923209
1924190
1925105
1925572
1925877
1926262
1927161
1927792
1928383
1928510
1929127
1929736
1930487
1930984
1931523
1931966
1932355
1932692
1932993
1933462
1934031
1934464
1934849
1935298
1935811
1936202
1936583
1937058
1937547
1937990
1938293
1938420
1938877
1939282
1939997
1940426
1941263
1941736
1942175
1942692
1943153
1946112
1946305
1946574
1949137
1950418
1950891
1952168
1955175
1956158
1957023
1957684
1957997
1958352
1958687
1959108
1959343
1959734
1960229
1960594
1961053
1961498
1961929
1962346
1962767
1963256
1963563
1964198
1964561
1965186
1965777
1966128
1966541
1967190
1967683
1968020
1968213
1968604
1969105
1969384
1969865
1970614
1970989
1972002
1972517
1973030
1973555
1973942
1974543
1975084
1975483
1975778
1976227
1976676
1977397
1977910
1978433
1979142
1979617
1980200
1980795
1981410
1981757
1982034
1982333
1982626
1983019
1983386
1983841
1984202
1984569
1985272
1985697
1986242
1986845
1987146
1987707
1988088
1988635
1989226
1989661
1989938
1990215
1990492
1990769
1991044
1991319
1991608
1991861
1992114
1992359
1992626
1992871
1993112
1993353
1993586
1993819
1994044
1994269
1994636
1994961
1995208
1995707
1995954
1996145
1996336
1996527
1996718
1996903
1997088
1997391
1997758
1998057
1998270
1998703
1999146
1999561
1999976
2000505
2000928
2001343
2001776
2002161
2003134
2003797
2004094
2004629
2005218
2006075
2006532
2006783
2007150
2008107
2008474
2008915
2009382
2010441
2010810
2011239
2011506
2012167
2012516
2012799
2013280
2013865
2014202
2014545
2014966
2015689
2016240
2016541
2016908
2017327
2017886
2018409
2018932
2019585
2020238
2020653
2021262
2021779
2022296
2022639
2023006
2023373
2023774
2024377
2024978
2025409
2025996
2026353
2026820
2027595
2028174
2028467
2029570
2029941
2030954
2031573
2031926
2032627
2033576
2034099
2034372
2035361
2036350
2036713
2038006
2038591
2039176
2039875
2040146
2040845
2041376
2041907
2042452
2043335
2044218
2044563
2045552
2046541
2047240
2047517
2048216
2049279
2050342
2051309
2052276
2053181
2054086
2054439
2055104
2055571
2056178
2056693
2057104
2057599
2058960
2059541
2060070
2060603
2061014
2061377
2061728
2062209
2062606
2062853
2063192
2063455
2063694
2063947
2064336
2064585
2064952
2065255
2065802
2066119
2066486
2067101
2067708
2068143
2068420
2068727
2069110
2069579
2070092
2070451
2070660
2070979
2071470
2072067
2072544
2072975
2073338
2073793
2074234
2074661
2074942
2075363
2075776
2076597
2076874
2077299
2077940
2078663
2079064
2079465
2079946
2080403
2080830
2082043
2082580
2082947
2083224
2083575
2084046
2084421
2084756
2085051
2085330
2085597
2086084
2086457
2087126
2087729
2088038
2088589
2089136
2089691
2090260
2090843
2091194
2091839
2092408
2092833
2093686
2094425
2094712
2096047
2096824
2097969
2098862
2099429
2099796
2100113
2100660
2101197
2101546
2101803
2102142
2102721
2103664
2104111
2104294
2104849
2105320
2105805
2106484
2107033
2107498
2108291
2108594
2109085
2109732
2110153
2110668
2111237
2111784
2112961
2113942
2114677
2115214
2115771
2116076
2116547
2116814
2117461
2118184
2119373
2119740
2120107
2120892
2121691
2122162
2123253
2123836
2124347
2124712
2125079
2125698
2126107
2126602
2127133
2127500
2127989
2128356
2128879
2129376
2129601
2129938
2130505
2130880
2131371
2131766
2132315
2132764
2133363
2133694
2133975
2134498
2134949
2135282
2135611
2136006
2136501
2136916
2137381
2137988
2138595
2139182
2139559
2140104
2140637
2141132
2141475
2141928
2142455
2143014
2143425
2143754
2144073
2144506
2145145
2145694
2146207
2146720
2147035
2147898
2148265
2148692
2149561
2150070
2150677
2151044
2151571
2152152
2152519
2152908
2153223
2153724
2154351
2154920
2155525
2155946
2156415
2156790
2157483
2157908
2158699
2159194
2159475
2160126
2160777
2161198
2161765
2162202
2162525
2162918
2163421
2163828
2164235
2164790
2165071
2165648
2166051
2166482
2166843
2167246
2167741
2168234
2168821
2169408
2169923
2170456
2170747
2171336
2172273
2172634
2172995
2173466
2173815
2174410
2174923
2175420
2176139
2176708
2176991
2177322
2177803
2178288
2178911
2179352
2179907
2180462
2180971
2181392
2181877
2182378
2182623
2182946
2183227
2183706
2184185
2184696
2185063
2185966
2186497
2186982
2187491
2187806
2188337
2188816
2189367
2189654
2190119
2190634
2191009
2191384
2191749
2192114
2192449
2193072
2193407
2193780
2194153
2194450
2194851
2195252
2195643
2196034
2196629
2197034
2197455
2197868
2198297
2198708
2199253
2199556
2200055
2200484
2201087
2201690
2202293
2202802
2203493
2204190
2204921
2205702
2206135
2206440
2206873
2207372
2207739
2208184
2208631
2209054
2209925
2210796
2211197
2211774
2212429
2212716
2213083
2213494
2214207
2214716
2215155
2215806
2216173
2216656
2217317
2217936
2218837
2219122
2219627
2220236
2220651
2221198
2221757
2222230
2222859
2223222
2223637
2223872
2224505
2224810
2225343
2225690
2225983
2226282
2226629
2227054
2227481
2227926
2228529
2228958
2229501
2229796
2230129
2230646
2232403
2232832
2233421
2233762
2234129
2234610
2235317
2235928
2236725
2237208
2237503
2238102
2238593
2238960
2239175
2239618
2240163
2242420
2242915
2243308
2243867
2244298
2244801
2244940
2245293
2245848
2246425
2246828
2247271
2247650
2248159
2248548
2248969
2249576
2249951
2250316
2250667
2251002
2251375
2251776
2252089
2252452
2252813
2253070
2253455
2253732
2253999
2254372
2254665
2255208
2255749
2255956
2256483
2256884
2257217
2257734
2258159
2258314
2258573
2258880
2259141
2259378
2259593
2259912
2260253
2260796
2260967
2261518
2261743
2262084
2262229
2262450
2262729
2262962
2263175
2263302
2263675
2264174
2264403
2264564
2264789
2265118
2265437
2265698
2266017
2266210
2266409
2266760
2267169
2268244
2268565
2269158
2269617
2270020
2270535
2270774
2271075
2271438
2271705
2272072
2272777
2273276
2273725
2274324
2274655
2275106
2275391
2275978
2276369
2276592
2277187
2277554
2277959
2278320
2278851
2279158
2279583
2279988
2280351
2280748
2280971
2281368
2281765
2282288
2282915
2283210
2283813
2284408
2284999
2285766
2286361
2286650
2287193
2287826
2288513
2289120
2289653
2290214
2290551
2290846
2291615
2292126
2292793
2293362
2293909
2294614
2295019
2295382
2295679
2295994
2296357
2296626
2296953
2297248
2297565
2298118
2298813
2299302
2299665
2300134
2300555
2300852
2301241
2301592
2301867
2302280
2302575
2302874
2304515
2304788
2305087
2305420
2305703
2305996
2306629
2307002
2307423
2307792
2308159
2308522
2308803
2309166
2309529
2309892
2310255
2310618
2310981
2311344
2311707
2312070
2312433
2312796
2313127
2313490
2313883
2314246
2314591
2315448
2315795
2316162
2316525
2316888
2317251
2317614
2317891
2318502
2318935
2319388
2319851
2320214
2320587
2320958
2321521
2321914
2322631
2322918
2323493
2324728
2325571
2326270
2326459
2327420
2328157
2329724
2330599
2332096
2332417
2333086
2333753
2335510
2335903
2336538
2337003
2337388
2337965
2338234
2338613
2339064
2339613
2339990
2340379
2340876
2341175
2341798
2342199
2342690
2342959
2343426
2343957
2344628
2345047
2345418
2345919
2346306
2346641
2347072
2347343
2347726
2348089
2348442
2349101
2349522
2349963
2350490
2351013
2351434
2351891
2352566
2352921
2353336
2353803
2354222
2354607
2355018
2355429
2355804
2356175
2356530
2356953
2357316
2357579
2358012
2358375
2359006
2359365
2359760
2360507
2360840
2361287
2361710
2361985
2362506
2362931
2363418
2363821
2364296
2364909
2365390
2365811
2366438
2367017
2367432
2367703
2368068
2368519
2368898
2369499
2370128
2370647
2370896
2371259
2371622
2371985
2372348
2372635
2372998
2373361
2373968
2374331
2374694
2375027
2375390
2375993
2376356
2377123
2377516
2377823
2378548
2378911
2379482
2379959
2380448
2380971
2381334
2381905
2382412
2382939
2383582
2383873
2384256
2384671
2385162
2385439
2386034
2386419
2386790
2387227
2387882
2388259
2389020
2389311
2389742
2390169
2390440
2390743
2391230
2391677
2392360
2392873
2393442
2393967
2394532
2395069
2395436
2395715
2396338
2396743
2397244
2397683
2398108
2398615
2398972
2399395
2399930
2400437
2400906
2401195
2401586
2402025
2402402
2402851
2403324
2403721
2404224
2404685
2405134
2405583
2406024
2406257
2406542
2407003
2407400
2407881
2408324
2408725
2409150
2409827
2410484
2410847
2411490
2411785
2412314
2413315
2413828
2414729
2415120
2415811
2416902
2417879
2418604
2419129
2420402
2420699
2421890
2423389
2424656
2425437
2426356
2427303
2429544
2431777
2432198
2434531
2436796
2437089
2437500
2438109
2439308
2440147
2440440
2440751
2441062
2441371
2441690
2442297
2442604
2442865
2443606
2444015
2444424
2444837
2445246
2445811
2446102
2446441
2447568
2448001
2448486
2448887
2449302
2449945
2450358
2450709
2451076
2451245
2451612
2451957
2452324
2452927
2453400
2453889
2454736
2455207
2455810
2456467
2456922
2457259
2458238
2458521
2459068
2459439
2459912
2460385
2461248
2462237
2462892
2463477
2463898
2464425
2464910
2465193
2465998
2466803
2467608
2468507
2470276
2471811
2473010
2473209
2474178
2476391
2477456
2477773
2478136
2478767
2479658
2480269
2481094
2481627
2481918
2483097
2483704
2484327
2485444
2485735
2486676
2487343
2488238
2489195
2490124
2490647
2491454
2492105
2492722
2493339
2494320
2494621
2495148
2495747
2496326
2496901
2497380
2497935
2498490
2499023
2499584
2500139
2500658
2500963
2501476
2502089
2502786
2503161
2503724
2504273
2504802
2505385
2505892
2506443
2507000
2507563
2507874
2508387
2508618
2509093
2509894
2510323
2510846
2511515
2512040
2512541
2513274
2513653
2513954
2514435
2515498
2516001
2516512
2517115
2518726
2519293
2519920
2520515
2520996
2521493
2521998
2522333
2522886
2523403
2524076
2525463
2526100
2527161
2528818
2529541
2530264
2530963
2531384
2532063
2532398
2533621
2534136
2534563
2534950
2535719
2536326
2537177
2538044
2538429
2538922
2539523
2539806
2540413
2541038
2541609
2542380
2542991
2543834
2544377
2544706
2545305
2545858
2546353
2546644
2547257
2547914
2548499
2549346
2550097
2550616
2550867
2551592
2552299
2552992
2553283
2553754
2555003
2555530
2556043
2556594
2557155
2557486
2557961
2558518
2559101
2559630
2559921
2560476
2561031
2561606
2562219
2562798
2563409
2563922
2564471
2565026
2565559
2566122
2566405
2567102
2567609
2568128
2569327
2569624
2570979
2572514
2573483
2575696
2576761
2577652
2577935
2578658
2580315
2581038
2581381
2582768
2583279
2584012
2584681
2585204
2585729
2586380
2587089
2587420
2587921
2588288
2589351
2589854
2590667
2591234
2591837
2592826
2594049
2594564
2595091
2595422
2595749
2596112
2596597
2597276
2597683
2598068
2598467
2598882
2599287
2599960
2600597
2601196
2601393
2601676
2602433
2603030
2603835
2604322
2605053
2605860
2606735
2607542
2608149
2608484
2608767
2609884
2610551
2611100
2611633
2612244
2613173
2613796
2614691
2615648
2616131
2617310
2617617
2618558
2619383
2620318
2621591
2622190
2622741
2623970
2624971
2625262
2625815
2626290
2626551
2627324
2627987
2628644
2629623
2630684
2631867
2632558
2633089
2633870
2634391
2636160
2636465
2637266
2637629
2638232
2638799
2639394
2639891
2640514
2641141
2641622
2643233
2643818
2644119
2644666
2645769
2646286
2646803
2648152
2648583
2649210
2650141
2650686
2651089
2651392
2651773
2652186
2652613
2653010
2653423
2653844
2654245
2654648
2655101
2655566
2655943
2656212
2656763
2657258
2657593
2657900
2658271
2658550
2658913
2659604
2660269
2660632
2660999
2661312
2661839
2662324
2662851
2663150
2663621
2663916
2664389
2664860
2665387
2666038
2666537
2666934
2667685
2668186
2668989
2669416
2669837
2670104
2670381
2670918
2671515
2672016
2672503
2673022
2673545
2674164
2674801
2675198
2675565
2676090
2676391
2676802
2677221
2677606
2678007
2678392
2678805
2679234
2679619
2680032
2680395
2680846
2681135
2681678
2682201
2682896
2683421
2684152
2684617
2685072
2685751
2686202
2686679
2687294
2687619
2688092
2688611
2689104
2689695
2690032
2690541
2691072
2691545
2692212
2692569
2692868
2693697
2694248
2694947
2695478
2695899
2696262
2697217
2697750
2698113
2698476
2698839
2699136
2699499
2699862
2700225
2700480
2700843
2701206
2701569
2701932
2702295
2702658
2703021
2703458
2703827
2704190
2704707
2705070
2705433
2705796
2706159
2706522
2706885
2707248
2707669
2707970
2708503
2708798
2710489
2710832
2711125
2711488
2711833
2712186
2712537
2712854
2713173
2713798
2714227
2714504
2714781
2715090
2715837
2716518
2716999
2717362
2718065
2718794
2719353
2719830
2720251
2720538
2721447
2721948
2722453
2723036
2723423
2723882
2724401
2725894
2726965
2727274
2727613
2728022
2733599
2734216
2734663
2735116
2735845
2736430
2736935
2737492
2737705
2738114
2738417
2739528
2740175
2740730
2742019
2742516
2744905
2745448
2745967
2746366
2746827
2747338
2747643
2748124
2748805
2749360
2749767
2752514
2753057
2753420
2753743
2754106
2754987
2755518
2755883
2756422
2757057
2757630
2758521
2759078
2759629
2760094
2760753
2765012
2765515
2765852
2766291
2766854
2767359
2767980
2768501
2769066
2769361
2769722
2770273
2770982
2771475
2771804
2772297
2772730
2773161
2773560
2773927
2774326
2774655
2775058
2775607
2776026
2776689
2777136
2777479
2777942
2778355
2778846
2779201
2779892
2780341
2780768
2781135
2781462
2782167
2782666
2782981
2783364
2783731
2783996
2784473
2784950
2785879
2786808
2787373
2787938
2788529
2789120
2789435
2789802
2790407
2790672
2791125
2791578
2791979
2792380
2792831
2793282
2793665
2794048
2794567
2794848
2795329
2795944
2796559
2797062
2797565
2797988
2798411
2798826
2799371
2799916
2800283
2800740
2801021
2801388
2802149
2802516
2802913
2803310
2803707
2804130
2804563
2804996
2805409
2806000
2806291
2806882
2807765
2808648
2809219
2809674
2810041
2810798
2811555
2812042
2812409
2812776
2813059
2813426
2814361
2814856
2815281
2815664
2816137
2816682
2817073
2817502
2817925
2818696
2819039
2819530
2820425
2821256
2822059
2822432
2822805
2823332
2823923
2824448
2824857
2825310
2825663
2826390
2827119
2827886
2828253
2828764
2829051
2829474
2829991
2830948
2831905
2832506
2832801
2833258
2833967
2834442
2834917
2835338
2836237
2836958
2837853
2838746
2839489
2840260
2840707
2841026
2841819
2842240
2842657
2843126
2843715
2844082
2844449
2844902
2845425
2845892
2846563
2846898
2847605
2848222
2848553
2848990
2849701
2850144
2850595
2851026
2851383
2851754
2852185
2852552
2852893
2853256
2853893
2854530
2855167
2855804
2856441
2856808
2857179
2857610
2857977
2858762
2859341
2859670
2860279
2860742
2861533
2862324
2862691
2863708
2864459
2865098
2865765
2866122
2866917
2867254
2868231
2868908
2869593
2870608
2871045
2871878
2872823
2873590
2874011
2874378
2875133
2875420
2875841
2876268
2876733
2877186
2877743
2878300
2878771
2879064
2879535
2880090
2880645
2880932
2881375
2881820
2882447
2883074
2883501
2884042
2884361
2884728
2885159
2885744
2886329
2886650
2887235
2887820
2888253
2888590
2888927
2889506
2889843
2890180
2890517
2890854
2891191
2891512
2891847
2892184
2892521
2892858
2893303
2893640
2893977
2894594
2895211
2895816
2896855
2897170
2897657
2898366
2898979
2899334
2899813
2900300
2901095
2901680
2902187
2902738
2903281
2903728
2904043
2904586
2904893
2905314
2905747
2906202
2906695
2907188
2907749
2908166
2908533
2909270
2909761
2910074
2910715
2911206
2911885
2912564
2912931
2913584
2914237
2914890
2915359
2915874
2916305
2916602
2916929
2917544
2917971
2918452
2919071
2919690
2920115
2920574
2921025
2921952
2922399
2922882
2923253
2923980
2924347
2924794
2926287
2927068
2927543
2928018
2928477
2928834
2929293
2929670
2929977
2930354
2930859
2931646
2932433
2933232
2934031
2934902
2935171
2936042
2936819
2937596
2937953
2938776
2939599
2939988
2940573
2941136
2941917
2942302
2943083
2943548
2943961
2944612
2944935
2945586
2946347
2946804
2947313
2948140
2948527
2948894
2949323
2949924
2950525
2951126
2951451
2952052
2952483
2952840
2953257
2953836
2954695
2955292
2955927
2956430
2956865
2957600
2957925
2958660
2959105
2959708
2960355
2960722
2961161
2961536
2962027
2962422
2962819
2963362
2963657
2964220
2964687
2965374
2965561
2966088
2966615
2967142
2967671
2968200
2968715
2969242
2969771
2970312
2970603
2970790
2971319
2971834
2972267
2972886
2973297
2973662
2974035
2974408
2974919
2975470
2975623
2975904
2976271
2977158
2977583
2977996
2978427
2978858
2979225
2980106
2980473
2980894
2981261
2981548
2982031
2983108
2983883
2984310
2984737
2985104
2985801
2986498
2986937
2987634
2988331
2988628
2989095
2989510
2989923
2990622
2991037
2991548
2991991
2992260
2992777
2993210
2993733
2994052
2994653
2995076
2995655
2996038
2996515
2996978
2997233
2997600
2997981
2998362
2998743
2999032
2999413
3000006
3001153
3001650
3002329
3002480
3003097
3003620
3004445
3004904
3005687
3005990
3006773
3007548
3008323
3009168
3009319
3010164
3010531
3011284
3012511
3012872
3013233
3013538
3013963
3014388
3015139
3015788
3016539
3017326
3018113
3018888
3019663
3020558
3021453
3021718
3022487
3023256
3023553
3024362
3024515
3025418
3026321
3027346
3028371
3029282
3030193
3030564
3030955
3031222
3031673
3031872
3032457
3033394
3034205
3034584
3035031
3035612
3036255
3036746
3037229
3037502
3037659
3038066
3038343
3038852
3039267
3039916
3040697
3041530
3042729
3043396
3044075
3044226
3044673
3045464
3045759
3046594
3047463
3048094
3048589
3049576
3050035
3050402
3050633
3051178
3051911
3052514
3052811
3053288
3053959
3054442
3054809
3055718
3056963
3057376
3057891
3058744
3059217
3059674
3059977
3060416
3061353
3061520
3061929
3062296
3062447
3062766
3063023
3063398
3063695
3063964
3064269
3064520
3064799
3065228
3065691
3065942
3066517
3066884
3067215
3067732
3068181
3068618
3068905
3069626
3070109
3070536
3070847
3071240
3071635
3072086
3072545
3073002
3073609
3074236
3074551
3074970
3075417
3075666
3076167
3076684
3077141
3077538
3077993
3078400
3078829
3079218
3079519
3079906
3080737
3080938
3081529
3082018
3082891
3084062
3084555
3085028
3085419
3085790
3086211
3086490
3086703
3087200
3087815
3088388
3088839
3089524
3090211
3090606
3091345
3091818
3092337
3092604
3092885
3093484
3093911
3094388
3094911
3095496
3096193
3096620
3097047
3097524
3097865
3098326
3098721
3099018
3099475
3100000
3100449
3100936
3101391
3101858
3102483
3102806
3103173
3103608
3104045
3104356
3106009
3107108
3107781
3108498
3109387
3109862
3110181
3110796
3111497
3112322
3112789
3113084
3113471
3113854
3114237
3114708
3115231
3115506
3115987
3116512
3117973
3118470
3119479
3119756
3121239
3123106
3125023
3125900
3126143
3126928
3127843
3128474
3129025
3130060
3130771
3131106
3131699
3132476
3132999
3133330
3134251
3134988
3135813
3136708
3137471
3138264
3138853
3139146
3139733
3140262
3140549
3141308
3142025
3142774
3143583
3145094
3145649
3146474
3146991
3147302
3147929
3148642
3148929
3149592
3150059
3150584
3151059
3151482
3152217
3152596
3153189
3154044
3154325
3154912
3155719
3156586
3157519
3157906
3164337
3166244
3167227
3170628
3171011
3171426
3171657
3171954
3172337
3172708
3173107
3173486
3174389
3174986
3175499
3175886
3176267
3176484
3176893
3177180
3177573
3177966
3178347
3178938
3179663
3180138
3180825
3181614
3181853
3182568
3183177
3183926
3184243
3184662
3185375
3185886
3186373
3186750
3187133
3187284
3187805
3188186
3188677
3189502
3189789
3190386
3190909
3191404
3192243
3192894
3192937
3194072
3194447
3194818
3195221
3195624
3195943
3196318
3196765
3197182
3197559
3197602
3197995
3198424
3198809
3199178
3200017
3200412
3200703
3201094
3201485
3201878
3201921
3202314
3202717
3203126
3203545
3204024
3204733
3205570
3205871
3206510
3207399
3207442
3208583
3208986
3209527
3210512
3210899
3211292
3211687
3212068
3212423
3212816
3213597
3213640
3214039
3214428
3214813
3215798
3216637
3217520
3217937
3218334
3218789
3219114
3219343
3219730
3220243
3220848
3221241
3221624
3222019
3222432
3222799
3223294
3223787
3223830
3224151
3224684
3225575
3226106
3226735
3227346
3227837
3228244
3228625
3229028
3229071
3229448
3229807
3230238
3230669
3231144
3232389
3232844
3233231
3233612
3234067
3234110
3234503
3235418
3235761
3236578
3237273
3237878
3238383
3239080
3240025
3240410
3240413
3240780
3241179
3241568
3242037
3242318
3242699
3243068
3243447
3243904
3244369
3244412
3244855
3245234
3245587
3246648
3247011
3247316
3247715
3248098
3248519
3248920
3248963
3249478
3249911
3250304
3250691
3251160
3251541
3251894
3252279
3252728
3253401
3253444
3254013
3254932
3255499
3255866
3256483
3256898
3257601
3257952
3258603
3259086
3259129
3259562
3259945
3260334
3261055
3261532
3262041
3262446
3262849
3263142
3263543
3264152
3264195
3265358
3265757
3266146
3266563
3267000
3267441
3267830
3268247
3268652
3268913
3269578
3270217
3270628
3271299
3271978
3272615
3273500
3274325
3275054
3275425
3275862
3276091
3276388
3277275
3277918
3278379
3278836
3279715
3280082
3282561
3283022
3283593
3283636
3284129
3284408
3285637
3286096
3286669
3287104
3287539
3288038
3288559
3289102
3289145
3289742
3290373
3290692
3291115
3291482
3292059
3292684
3293529
3293990
3294527
3295804
3296269
3296758
3297565
3297866
3298259
3299176
3299931
3300800
3301215
3301988
3302233
3302810
3303729
3304500
3305393
3305932
3306261
3307162
3308071
3308438
3308981
3309274
3309927
3310450
3311311
3311976
3312641
3313018
3313353
3313720
3314215
3314724
3314979
3315430
3316385
3317480
3317997
3318510
3318981
3319782
3320107
3320500
3320875
3321108
3321477
3321970
3322501
3322868
3323711
3324362
3325163
3325530
3325825
3326196
3326679
3326922
3327409
3327874
3328477
3328876
3329405
3330002
3330933
3331300
3332175
3332462
3332613
3333450
3334315
3334746
3335237
3335658
3336041
3336452
3336841
3337688
3338139
3338654
3338963
3339904
3340735
3341610
3341995
3342844
3343575
3344310
3344735
3345196
3345463
3346082
3346393
3346828
3347219
3347976
3348673
3349168
3349661
3350096
3350829
3350980
3351765
3352720
3353067
3354018
3354997
3355604
3356157
3356666
3357679
3358530
3358949
3359606
3360265
3360632
3360917
3361748
3362739
3363194
3363653
3364622
3365001
3365298
3366067
3366836
3367251
3367986
3368271
3369288
3370537
3371404
3372017
3372544
3372841
3373794
3374459
3375340
3376069
3376832
3377187
3377570
3378307
3379166
3379961
3380154
3381027
3381580
3382205
3382742
3383115
3383482
3383929
3384220
3384879
3385382
3385933
3386610
3387919
3388482
3388923
3389572
3390027
3390858
3392061
3392368
3393331
3394146
3394399
3394910
3395589
3396142
3396681
3397122
3397633
3398000
3398505
3399188
3399549
3399796
3400163
3400880
3401503
3402180
3402833
3403238
3403615
3404014
3404403
3404792
3405039
3405356
3406281
3406776
3407725
3408576
3409463
3410370
3411183
3411914
3412741
3412972
3413937
3414278
3414821
3415400
3415799
3416328
3416741
3417806
3418683
3419302
3419453
3420098
3420551
3420846
3421349
3422242
3422655
3423138
3423607
3424098
3424493
3424770
3425223
3426186
3427143
3427438
3429009
3429704
3430925
3431990
3432615
3435132
3435379
3435746
3437529
3438588
3439201
3439498
3440375
3440742
3441159
3442000
3442671
3442822
3443819
3444186
3444861
3445586
3446155
3446470
3446925
3447684
3448217
3448818
3449025
3449392
3449949
3450464
3450931
3452750
3453117
3453390
3453659
3454030
3454555
3454822
3455403
3455966
3456693
3457270
3458009
3458720
3459361
3460334
3460661
3461112
3461715
3461938
3462389
3462832
3463495
3464156
3464751
3465118
3467611
3467978
3468635
3468930
3469013
3469554
3469997
3470442
3470835
3471322
3471823
3472932
3473779
3474326
3474873
3475076
3475373
3476078
3476649
3477162
3477881
3478590
3479107
3479962
3480905
3481364
3481453
3482030
3482305
3482924
3483833
3484620
3485621
3486120
3486923
3487690
3489441
3489524
3490041
3490582
3490877
3491712
3492147
3492622
3493751
3494350
3494871
3495318
3496209
3497352
3497945
3498496
3498795
3499262
3499777
3500292
3500753
3501326
3501721
3501890
3502475
3502862
3503541
3504310
3504583
3505102
3505519
3506152
3506675
3507284
3507575
3508088
3508455
3509074
3509435
3509796
3510095
3510684
3511273
3511750
3512275
3512426
3512773
3513240
3513607
3514058
3514859
3515382
3515715
3515940
3516507
3516930
3517081
3517490
3518063
3518438
3518805
3519172
3519539
3519920
3520275
3520558
3520925
3521436
3522015
3522498
3523007
3523484
3523981
3524480
3524963
3525458
3526145
3526636
3526929
3527078
3527571
3528040
3528529
3529108
3529779
3530452
3530945
3531380
3531815
3532208
3532359
3532640
3533033
3535238
3537443
3537856
3538407
3538956
3539469
3540086
3540645
3540796
3542457
3542788
3543237
3543686
3544073
3545550
3546399
3546916
3547765
3548492
3548649
3549248
3549757
3550034
3550543
3551026
3551393
3551940
3552705
3553182
3553891
3554042
3554409
3554860
3555355
3555642
3556171
3556728
3557191
3557944
3558573
3559256
3559409
3560038
3560523
3561070
3561499
3561820
3562397
3562772
3563139
3563488
3563899
3564050
3564445
3564964
3565381
3565824
3566355
3566624
3567049
3567568
3567973
3568360
3568511
3568942
3569537
3570132
3570545
3571148
3571617
3571886
3572345
3572788
3573279
3573434
3573903
3574798
3575267
3575750
3576225
3576686
3577089
3577360
3577979
3578346
3578679
3578830
3579243
3579696
3580037
3580448
3581055
3581502
3582085
3582458
3582813
3583168
3583595
3584088
3584803
3585186
3585659
3586394
3587129
3587580
3587927
3588466
3588893
3589044
3589307
3589696
3590099
3590544
3590967
3591436
3591855
3592238
3593073
3593452
3593603
3594430
3594705
3595360
3596195
3597402
3597931
3598550
3599263
3599694
3600579
3600730
3601321
3602078
3602349
3602890
3603615
3604218
3604639
3605098
3605685
3606230
3606381
3606862
3607229
3608040
3608327
3608852
3609299
3609732
3610377
3611138
3611863
3612014
3612527
3613396
3614021
3614652
3614959
3615656
3616189
3616734
3617297
3618138
3618289
3619154
3619763
3620376
3621555
3622028
3622319
3622852
3623239
3623634
3624027
3624178
3624571
3624974
3625349
3625824
3626301
3626876
3627167
3627594
3628047
3628408
3628559
3628970
3631071
3631592
3632163
3632552
3632991
3633454
3633733
3634216
3634631
3634962
3635205
3635468
3635877
3636456
3636955
3637454
3638013
3638476
3639003
3639530
3639819
3640476
3640817
3641326
3642397
3642884
3643607
3645234
3646049
3646914
3647675
3648308
3648663
3648916
3649187
3649734
3650199
3650838
3651401
3651886
3652519
3652952
3653339
3653806
3654041
3654480
3654793
3655208
3656095
3656578
3657061
3657540
3657949
3658358
3658723
3658876
3659241
3659592
3659879
3660230
3660685
3661066
3661481
3661924
3662349
3662704
3662759
3663166
3663971
3664338
3664665
3665092
3665617
3666206
3667143
3667878
3668459
3668514
3669009
3669666
3670255
3670894
3671185
3671778
3672553
3672918
3673313
3673680
3673735
3674200
3674609
3675016
3675383
3675792
3676117
3676526
3676893
3677302
3677695
3677750
3678111
3678980
3679347
3679866
3680245
3680638
3680957
3681350
3681829
3682308
3682363
3682944
3683417
3684978
3685487
3687052
3687577
3688078
3688395
3688870
3689337
3689764
3689819
3690392
3690973
3691340
3691749
3692352
3692719
3693086
3693481
3693784
3694281
3694336
3694703
3695070
3695571
3696082
3696741
3697400
3697929
3698458
3698883
3699190
3699245
3699698
3700251
3700688
3701097
3701524
3702315
3702764
3703249
3703656
3704079
3704476
3704753
3705042
3705335
3706334
3706745
3707420
3707811
3708774
3709243
3709842
3709897
3710562
3711137
3711698
3711983
3712632
3713225
3713898
3714577
3715268
3716197
3716252
3716699
3717066
3717603
3718140
3718459
3719030
3719601
3720080
3720559
3720938
3720993
3721514
3722073
3722632
3723067
3723502
3723809
3724248
3724765
3725282
3725765
3725820
3726223
3726582
3727075
3727708
3728075
3728426
3728763
3729114
3729467
3729836
3729891
3730258
3730747
3731216
3731603
3732042
3732475
3732908
3733217
3733664
3734095
3734150
3734601
3735046
3735463
3735872
3736339
3736806
3737235
3737628
3737955
3738326
3739139
3739194
3739571
3740108
3740645
3741014
3741625
3742236
3742569
3742960
3743351
3743636
3743691
3744272
3744853
3745520
3746163
3746806
3747497
3748188
3748603
3749080
3749447
3749502
3749781
3750148
3750793
3751202
3751741
3752176
3752733
3753290
3753975
3754644
3754699
3755214
3755551
3756036
3756523
3757036
3757549
3758102
3758655
3759136
3759617
3760196
3760587
3760978
3761281
3761564
3761955
3762342
3762727
3763112
3763647
3764240
3764295
3764888
3765461
3766034
3766631
3766914
3767511
3768110
3768709
3769610
3770245
3770300
3770823
3771346
3772043
3773262
3773927
3774222
3774943
3775438
3776163
3776778
3776833
3777546
3778199
3778776
3779649
3780092
3780567
3780864
3781367
3781764
3782295
3782350
3782881
3783554
3784203
3784912
3785337
3785962
3786471
3786764
3787253
3787780
3787835
3788242
3788769
3789208
3789751
3790306
3790729
3791168
3791595
3791888
3792537
3793008
3793063
3793676
3794123
3794616
3795109
3795906
3796399
3797034
3797595
3798156
3798467
3798522
3799427
3800174
3800973
3801588
3802397
3802764
3803171
3803748
3804247
3804818
3804873
3805184
3805781
3806522
3807199
3807814
3808579
3809326
3809971
3810686
3811383
3811438
3812195
3812518
3813039
3813642
3814535
3815512
3815951
3816756
3817273
3817772
3817827
3818340
3819211
3819510
3820241
3820710
3821195
3821922
3822389
3822884
3823371
3824020
3824451
3825318
3825715
3826428
3826759
3827164
3827531
3827950
3828369
3828778
3828833
3829242
3829749
3830256
3830623
3830990
3831297
3831810
3832323
3832770
3833113
3833168
3833511
3833856
3834633
3835000
3835523
3836036
3836297
3836714
3837145
3837506
3837561
3837922
3838911
3839408
3839775
3840142
3840523
3840924
3841263
3841696
3842161
3842216
3842675
3843124
3843601
3844092
3844563
3845024
3845561
3846070
3846415
3846902
3847557
3847612
3847979
3848446
3849149
3849718
3850471
3850936
3851325
3851702
3852273
3852584
3852639
3853392
3854129
3854538
3855141
3855768
3856275
3857058
3857519
3858252
3858881
3858936
3859249
3860014
3860523
3861166
3861815
3862544
3863177
3863670
3864293
3864816
3864871
3865628
3865927
3866378
3866867
3867440
3868013
3868498
3869121
3869580
3870021
3870076
3871109
3871896
3872181
3872680
3873333
3874160
3874833
3875238
3876027
3876552
3876607
3877218
3878047
3878636
3879005
3879808
3880633
3881474
3881841
3882316
3882791
3882992
3884193
3884860
3885333
3885700
3885939
3886222
3886573
3886924
3887275
3887626
3887681
3888084
3888519
3889004
3889435
3889970
3890765
3891048
3891623
3892198
3892905
3892960
3893871
3894242
3894923
3895604
3896227
3896918
3897285
3897566
3897933
3898588
3898643
3899288
3900293
3900894
3901525
3902118
3902553
3903238
3903945
3904262
3904837
3905088
3905143
3905922
3906289
3906656
3907023
3907582
3908185
3908672
3909213
3909688
3909979
3910034
3910457
3910998
3911425
3912050
3912727
3913260
3913807
3914174
3914667
3915356
3915411
3915712
3916155
3916706
3917185
3917568
3917951
3918334
3918719
3919104
3919489
3919544
3919929
3920234
3920619
3921004
3921489
3921974
3922439
3922806
3923213
3923620
3923675
3924082
3924489
3924792
3925213
3925634
3926039
3926444
3926843
3927242
3927753
3927808
3928319
3928686
3930035
3930338
3930965
3931498
3932429
3932974
3933569
3934164
3934219
3934702
3935185
3935746
3936349
3936656
3937393
3938084
3938781
3939512
3940293
3940680
3941399
3942198
3942999
3943702
3944439
3944996
3945257
3945976
3946775
3947576
3947631
3948334
3948701
3949034
3949401
3949738
3950173
3950608
3950943
3951504
3952065
3952314
3952801
3953288
3953655
3954022
3954681
3955306
3955785
3956912
3957243
3957742
3957981
3958230
3958819
3959312
3959805
3960172
3960539
3961042
3961447
3961804
3962181
3962478
3962727
3963322
3963763
3964224
3964667
3965034
3965401
3965768
3966135
3966538
3967015
3967264
3967569
3968046
3968445
3968850
3969217
3969584
3969997
3970494
3970965
3971472
3971475
3971978
3972339
3972906
3973711
3974078
3974631
3975292
3976565
3976968
3977371
3977530
3978271
3979012
3979391
3979884
3980251
3980618
3981175
3981542
3981909
3982288
3982487
3982886
3983307
3983674
3984047
3984396
3984755
3985248
3985677
3986048
3986425
3986550
3986919
3987380
3988031
3988514
3988825
3989262
3989779
3990296
3990779
3991262
3991577
3992072
3992505
3992938
3993385
3993816
3994173
3994624
3995069
3995478
3996089
3996398
3997043
3997452
3997991
3998548
3999083
3999618
3999929
4000238
4000831
4001430
4001525
4002426
4003061
4003532
4004167
4004626
4005427
4005836
4006409
4006722
4007109
4007392
4007505
4008982
4009831
4010434
4010857
4011078
4011307
4011532
4011797
4012158
4012469
4012808
4012997
4013256
4013407
4013774
4013955
4014462
4015193
4016224
4017121
4017348
4017527
4017864
4018241
4018614
4019029
4019448
4019915
4020596
4021439
4022156
4022893
4022988
4024223
4024542
4026299
4027260
4028135
4028804
4029379
4030046
4030745
4032312
4032415
4033912
4034345
4034766
4035297
4035788
4036251
4036624
4037187
4037584
4038035
4038130
4038581
4038960
4039509
4039830
4040231
4040728
4041251
4041670
4042341
4042708
4042797
4043164
4043809
4044570
4045295
4045606
4046119
4046988
4047613
4048244
4048941
4049042
4049575
4050120
4050683
4051524
4052389
4052698
4053307
4053920
4054393
4054926
4055021
4055744
4057371
4058998
4059813
4060678
4061439
4061750
4062511
4063144
4063691
4063978
4064443
4065082
4065645
4066130
4066615
4067248
4067681
4068108
4068471
4068938
4069289
4069378
4069745
4070442
4071661
4072326
4072991
4073712
4074433
4074928
4075423
4075712
4075823
4076548
4077273
4077888
4078503
4079216
4079869
4080522
4081099
4081676
4082549
4082660
4082989
4083432
4083875
4084350
4084853
4085586
4086215
4086980
4087489
4088132
4088219
4088868
4089175
4089904
4090537
4091030
4091653
4092176
4092933
4093384
4093873
4093984
4094639
4095284
4095597
4096602
4097203
4097834
4098427
4098862
4099547
4100254
4100357
4100932
4101711
4102078
4102401
4102768
4103177
4103584
4103951
4104360
4104769
4104880
4105247
4105656
4106023
4106432
4106751
4107118
4107525
4107920
4108439
4108856
4108967
4109410
4109835
4110354
4110785
4111152
4111461
4111970
4112337
4113248
4113737
4113846
4114271
4114752
4115127
4115646
4116165
4116716
4117027
4117856
4118223
4118842
4118951
4119570
4119937
4120542
4121161
4121780
4122379
4122938
4123295
4123730
4124635
4125050
4125377
4126124
4126923
4127538
4128347
4128884
4129393
4129886
4130353
4130910
4131229
4131320
4132023
4132592
4133083
4133692
4134257
4134728
4135199
4135570
4136095
4136462
4136553
4136876
4137389
4138184
4138551
4139128
4139561
4139928
4140649
4141370
4141785
4141880
4142483
4142828
4143395
4143882
4144313
4145180
4145577
4145982
4146401
4146810
4146921
4147428
4147795
4148118
4148631
4149144
4149511
4149958
4150301
4150644
4150989
4151090
4151647
4152014
4152381
4152704
4153071
4153522
4154083
4154732
4155325
4155980
4156163
4156624
4157149
4157596
4157963
4158260
4159461
4160168
4160535
4160902
4161355
4161482
4161849
4162350
4162717
4163514
4164007
4164410
4164907
4165510
4166137
4166644
4166957
4167324
4168107
4168732
4169249
4169580
4170461
4170770
4171513
4172068
4172671
4173104
4173655
4173978
4174597
4175238
4175565
4176094
4176763
4177126
4177721
4178084
4178365
4178988
4179147
4179480
4180285
4180566
4181079
4181572
4181991
4182654
4183145
4183836
4184285
4184464
4184843
4184846
4184849
4185358
4185639
4185642
4185645
4185648
4185651
4185654
4185979
4185982
4185985
4186854
4187137
4187536
4188139
4188514
4189083
4189492
4190663
4191124
4191437
4192896
4193577
4193940
4194365
4194728
4195209
4195520
4195877
4196484
4196667
4197152
4197665
4198086
4199563
4200290
4200819
4201128
4201685
4202148
4202901
4203156
4203785
4206604
4210177
4213600
4216279
4220114
4223929
4224274
4228273
4231046
4231361
4231798
4232219
4232596
4233191
4233590
4234003
4234278
4234877
4235234
4236055
4236338
4237061
4237612
4238315
4238682
4239267
4239868
4240453
4240870
4241235
4241562
4241893
4242244
4242617
4242982
4243329
4243690
4244103
4244472
4244835
4245506
4246133
4246394
4246707
4247334
4247997
4248624
4249251
4249878
4250505
4251132
4251759
4252422
4252675
4252954
4253581
4253914
4254541
4255168
4255795
4256408
4257021
4257634
4258305
4258942
4259173
4259810
4260447
4261178
4261469
4262106
4262743
4263380
4264017
4264654
4265291
4265630
4266257
4266880
4267503
4268126
4268459
4269082
4269705
4270328
4270955
4271600
4271783
4272428
4273073
4273718
4274363
4275008
4275309
4275936
4276573
4277210
4277847
4278030
4278667
4279304
4279941
4280560
4281179
4281798
4282105
4282724
4283343
4283962
4284145
4284772
4285405
4286038
4286671
4287304
4287937
4288570
4288931
4289558
4290243
4290426
4291111
4291796
4292481
4293166
4293851
4294478
4295119
4295760
4296115
4296756
4296939
4297580
4298221
4298862
4299489
4300124
4300759
4301394
4302029
4302664
4302979
4303220
4303855
4304266
4304677
4305036
4305381
4305748
4306107
4306448
4306803
4307210
4307393
4307748
4308111
4308468
4309061
4309602
4310143
4310720
4311261
4311802
4312343
4312584
4312767
4313308
4313693
4314234
4314775
4315352
4315893
4316434
4316975
4317516
4318035
4318290
4318809
4319328
4319699
4320292
4320835
4321378
4321921
4322464
4323007
4323550
4323869
4324412
4324955
4325498
4325817
4326340
4326715
4327256
4327785
4328314
4328843
4329026
4329555
4330084
4330613
4331154
4331705
4332256
4332607
4333158
4333709
4334260
4334313
4334864
4335405
4335948
4336491
4337034
4337577
4338120
4338493
4339036
4339561
4339614
4340139
4340664
4341189
4341714
4342239
4342780
4343319
4343858
4344173
4344712
4344895
4345434
4345973
4346512
4347053
4347644
4348235
4348826
4349417
4350008
4350315
4350500
4351091
4351632
4352179
4352726
4353273
4353820
4354367
4354914
4355455
4355996
4356179
4356488
4357029
4357570
4358111
4358652
4359193
4359636
4360035
4360434
4360833
4361136
4361535
4361830
4362229
4362662
4363061
4363460
4363859
4364258
4364657
4365056
4365339
4365518
4365917
4366316
4366645
4367044
4367443
4367842
4368275
4368674
4369073
4369472
4369525
4369924
4370323
4370722
4371027
4371410
4371789
4372172
4372551
4372934
4373313
4373606
4374049
4374492
4374891
4375290
4375587
4375986
4376385
4376784
4377183
4377582
4377765
4378164
4378563
4378962
4379361
4379760
4380067
4380368
4380767
4381166
4381565
4381744
4382143
4382542
4382941
4383328
4383715
4384102
4384489
4384790
4385177
4385564
4385747
4386134
4386521
4386908
4387295
4387682
4388069
4388456
4388843
4389152
4389539
4389722
4390121
4390520
4390931
4391342
4391753
4392164
4392575
4392986
4393397
4393696
4393879
4394290
4394701
4395112
4395523
4395934
4396345
4396756
4397167
4397566
4397969
4398152
4398485
4398888
4399291
4399694
4400097
4400500
4400903
4401306
4401709
4402112
4402387
4402790
4403123
4403526
4403929
4404332
4404735
4405120
4405505
4405890
4406275
4406536
4406865
4407250
4407635
4407916
4408301
4408686
4409071
4409456
4409841
4410226
4410611
4410850
4411235
4411620
4412019
4412308
4412707
4413104
4413501
4413898
4414295
4414692
4415017
4415414
4415811
4416208
4416605
4416894
4417291
4417688
4418085
4418482
4418879
4419198
4419595
4419994
4420393
4420842
4421291
4421580
4422029
4422478
4422927
4423376
4423823
4424272
4424721
4425170
4425619
4426068
4426517
4427230
4427511
4427960
4428409
4428740
4429189
4429588
4429987
4430394
4430801
4431208
4431615
4432022
4432303
4432710
4433039
4433446
4433853
4434260
4434667
4435074
4435481
4435888
4436295
4436702
4437031
4437360
4437759
4438160
4438561
4438962
4439363
4439764
4440165
4440566
4440967
4441368
4441695
4442024
4442425
4442826
4443227
4443628
4444029
4444430
4444873
4445316
4445715
4446054
4446441
4446722
4447133
4447536
4447921
4448318
4448767
4449174
4449575
4449974
4450221
4450588
4450987
4451420
4451701
4452100
4452499
4452898
4453297
4453696
4454095
4454528
4454977
4455376
4455775
4456174
4456479
4456878
4457257
4457636
4458015
4458458
4458857
4459306
4459705
4460104
4460503
4460902
4461161
4461560
4461959
4462358
4462757
4463156
4463755
4464142
4464529
4464916
4465303
4465690
4465993
4466380
4466779
4467190
4467601
4467932
4468343
4468754
4469165
4469576
4469975
4470378
4470677
4471080
4471483
4471886
4472473
4472876
4473279
4473664
4474049
4474434
4474819
4475204
4475499
4475800
4476185
4476552
4476951
4477348
4477745
4478142
4478539
4478936
4479333
4479732
4480181
4480448
4481027
4481476
4481925
4482374
4482823
4483272
4483671
4484078
4484485
4484892
4485299
4485722
4486055
4486462
4486869
4487268
4487669
4488070
4488471
4488872
4489273
4489674
4489853
4490444
4490749
4491298
4491847
4492434
4492983
4493532
4494081
4494630
4495179
4495450
4495911
4496460
4497047
4497324
4497873
4498422
4498971
4499520
4500055
4500590
4501125
4501550
4502141
4502692
4503243
4503536
4504087
4504638
4505189
4505740
4506291
4506842
4507247
4507798
4508347
4508886
4509425
4509700
4510239
4510778
4511317
4511856
4512405
4512802
4513363
4513924
4514485
4515046
4515607
4515906
4516467
4517016
4517569
4518122
4518519
4519072
4519625
4520178
4520731
4521268
4521805
4522092
4522629
4523166
4523703
4524100
4524637
4525186
4525735
4526284
4526833
4527382
4527931
4528254
4528803
4529352
4530051
4530650
4531249
4531848
4532447
4533046
4533645
4534194
4534753
4535356
4535653
4536176
4536735
4537294
4537853
4538412
4538971
4539520
4540071
4540622
4541173
4541724
4542351
4542646
4543197
4543748
4544109
4544694
4545027
4545492
4546969
4547410
4547777
4548380
4548935
4550208
4550763
4551308
4551669
4552146
4552551
4553022
4553827
4554126
4554389
4554984
4555387
4555814
4556213
4556640
4557067
4557468
4557913
4558356
4558697
4559154
4559745
4560216
4560687
4561092
4561489
4561894
4562291
4562684
4563091
4563498
4563789
4564556
4564937
4565318
4565699
4566080
4566461
4566838
4567215
4567592
4567969
4568346
4568941
4569302
4569683
4570092
4570501
4570910
4571319
4571728
4572137
4572546
4572955
4573588
4574025
4574368
4574805
4575242
4575679
4576116
4576553
4576990
4577427
4577864
4578551
4578988
4579403
4579754
4580169
4580584
4580999
4581414
4581829
4582244
4582659
4583266
4583681
4584096
4584481
4584830
4585215
4585600
4585985
4586370
4586755
4587140
4587903
4588288
4588673
4589058
4589441
4589774
4590089
4590472
4590855
4591238
4591621
4592154
4592537
4592920
4593303
4593686
4594069
4594478
4594795
4595204
4595613
4596022
4596613
4597022
4597431
4597840
4598249
4598658
4599067
4599458
4599733
4600124
4600515
4600774
4601335
4601726
4602117
4602508
4602899
4603290
4603681
4604072
4604459
4604734
4605121
4605890
4606277
4606664
4607051
4607438
4607825
4608212
4608599
4608986
4609155
4609480
4609991
4610160
4610329
4610760
4611369
4612076
4612747
4613234
4613893
4614256
4614623
4615290
4615597
4616394
4616775
4617206
4617695
4618118
4618485
4619134
4619501
4619912
4620459
4620844
4621181
4621538
4622205
4622620
4622987
4623220
4623839
4624062
4624285
4624990
4625591
4626310
4626647
4627014
4627381
4627850
4628217
4628580
4629147
4629460
4629865
4630044
4630925
4631240
4631511
4632802
4633079
4633352
4633645
4634012
4634269
4634500
4635141
4635314
4635637
4635940
4636453
4636950
4637253
4637714
4638255
4638628
4638811
4639202
4639669
4640032
4640201
4640466
4640827
4641016
4641275
4641426
4641607
4641886
4642393
4642728
4643459
4644490
4645387
4645614
4646275
4646636
4647147
4647510
4647851
4648120
4648483
4648846
4649173
4649536
4649899
4650318
4650371
4650554
4651007
4651348
4651901
4654444
4656209
4659046
4659229
4659348
4659435
4659588
4659689
4660002
4660199
4660894
4661209
4661212
4661215
4661218
4661221
4661224
4661227
4661230
4661543
4661546
4662185
4662188
4662191
4662194
4662197
4662200
4662203
4662206
4662209
4662212
4662491
4662756
4662759
4662762
4662765
4662768
4662771
4662774
4662777
4662780
4662783
4662786
4663275
4663554
4663557
4663560
4663563
4663566
4663569
4663572
4663575
4663578
4663581
4664050
4664053
4664342
4664345
4664348
4664351
4664354
4664357
4664360
4664387
4664390
4664811
4664814
4664817
4665116
4665141
4665144
4665147
4665150
4665153
4665156
4665159
4665548
4665551
4665554
4665557
4665856
4666135
4666138
4666141
4666144
4666169
4666172
4666359
4666362
4666365
4666368
4666371
4666374
4666659
4666662
4666665
4666668
4666671
4666962
4667249
4667560
4667585
4667588
4667591
4667594
4667597
4667600
4667895
4667898
4667901
4667904
4668171
4668174
4668177
4668420
4668423
4668426
4668429
4668432
4668733
4668736
4668739
4669296
4669299
4669302
4669305
4669308
4669311
4669826
4670153
4670456
4670477
4670522
4670891
4671316
4671645
4671906
4672099
4672340
4672483
4672616
4672925
4673210
4673519
4673940
4674117
4674200
4674465
4674748
4675025
4675260
4675553
4675588
4675745
4676028
4676453
4676618
4676777
4676818
4677149
4677256
4677393
4677520
4677777
4677906
4678049
4678438
4678741
4678888
4679079
4679372
4679755
4679850
4679951
4680110
4680403
4680636
4681269
4681502
4681555
4682790
4683025
4683318
4683681
4683712
4683751
4683768
4683819
4684192
4684247
4684540
4684559
4684746
4684957
4685370
4685725
4686448
4686493
4686530
4687165
4687332
4688219
4689570
4689725
4689960
4690313
4690566
4690785
4691094
4691519
4691828
4692221
4692560
4693381
4693788
4694125
4694958
4695249
4695942
4696255
4696834
4697181
4697524
4697987
4697992
4698327
4698522
4698781
4698842
4698903
4699198
4699475
4699792
4700649
4700948
4701231
4701536
4702175
4702468
4702761
4703056
4703369
4703636
4703961
4704572
4704865
4705160
4705433
4705436
4705869
4706322
4706785
4707178
4707643
4708028
4708263
4708914
4709365
4709754
4710245
4710712
4711131
4711502
4711933
4712220
4712573
4712874
4713533
4713954
4714395
4714922
4715445
4715902
4716347
4716914
4717333
4717748
4717975
4718386
4718921
4719354
4719985
4720344
4720739
4721100
4721347
4722292
4722709
4722950
4723697
4724144
4724567
4725088
4725513
4726016
4726503
4726906
4727381
4727650
4728041
4728654
4729135
4729762
4730341
4730756
4731121
4731572
4731951
4732362
4732895
4733198
4733627
4734044
4734553
4734940
4735423
4735836
4736333
4736830
4737309
4737758
4738091
4738732
4738955
4739756
4740357
4740986
4741505
4742196
4742803
4743406
4744173
4744402
4744795
4745520
4745781
4746352
4746829
4747352
4747923
4748430
4748957
