0
3
6
9
12
15
18
21
24
35
46
55
70
77
94
97
104
107
160
177
182
187
204
211
214
217
220
273
326
329
346
361
414
431
484
501
516
519
572
625
628
631
648
701
716
731
784
793
796
807
810
813
824
833
848
851
858
869
872
875
882
893
896
899
902
905
908
911
914
917
920
923
926
929
932
935
938
941
944
949
952
955
960
967
974
983
986
989
992
999
1002
1005
1008
1011
1014
1023
1026
1035
1040
1045
1048
1057
1064
1067
1074
1081
1084
1087
1090
1093
1096
1099
1102
1105
1108
1111
1114
1117
1120
1123
1126
1129
1132
1135
1138
1141
1144
1147
1150
1153
1156
1197
1200
1247
1294
1325
1372
1375
1378
1409
1440
1471
1496
1523
1526
1529
1532
1535
1538
1541
1544
1547
1550
1569
1572
1575
1578
1581
1628
1631
1634
1637
1640
1643
1646
1649
1652
1655
1702
1743
1746
1787
1828
1869
1910
1913
1954
1957
1960
2001
2004
2007
2010
2013
2016
2019
2022
2025
2072
2075
2078
2081
2084
2131
2134
2137
2140
2143
2146
2149
2152
2155
2158
2161
2164
2167
2170
2173
2176
2179
2182
2185
2188
2191
2194
2197
2200
2203
2206
2215
2218
2221
2224
2227
2230
2233
2236
2239
2242
2245
2248
2251
2254
2257
2260
2287
2290
2293
2296
2299
2302
2305
2352
2355
2358
2361
2364
2367
2370
2373
2376
2379
2382
2385
2388
2391
2394
2397
2400
2403
2426
2429
2452
2475
2498
2521
2524
2527
2552
2555
2558
2583
2586
2589
2592
2595
2598
2601
2604
2607
2610
2613
2616
2619
2622
2625
2628
2631
2634
2637
2640
2643
2646
2649
2652
2655
2658
2661
2664
2667
2670
2695
2698
2701
2704
2707
2710
2713
2716
2719
2722
2725
2728
2731
2734
2737
2740
2743
2746
2749
2752
2755
2758
2761
2764
2767
2814
2817
2820
2823
2826
2873
2876
2879
2882
2885
2888
2891
2938
2941
2944
2947
2988
2991
2994
2997
3000
3047
3050
3053
3100
3103
3106
3109
3112
3159
3162
3165
3168
3171
3174
3177
3180
3183
3186
3189
3192
3195
3198
3245
3248
3251
3298
3317
3336
3339
3342
3345
3348
3357
3360
3363
3404
3407
3410
3413
3416
3419
3422
3425
3428
3431
3434
3437
3440
3443
3446
3449
3452
3455
3458
3461
3464
3467
3470
3473
3482
3485
3488
3491
3494
3511
3528
3531
3534
3575
3578
3581
3584
3587
3628
3669
3672
3675
3678
3681
3684
3725
3766
3769
3810
3813
3854
3895
3898
3901
3904
3907
3910
3957
3988
3991
4022
4053
4084
4087
4118
4121
4124
4127
4154
4157
4160
4163
4166
4169
4196
4199
4240
4243
4284
4325
4366
4407
4410
4413
4416
4419
4446
4449
4452
4455
4458
4461
4464
4467
4470
4473
4500
4527
4530
4533
4536
4583
4586
4589
4592
4595
4598
4601
4604
4607
4610
4613
4616
4619
4622
4625
4628
4631
4634
4637
4640
4643
4646
4649
4652
4655
4658
4701
4706
4715
4758
4801
4804
4847
4890
4933
4976
4979
4982
4985
4992
4999
5002
5005
5008
5011
5014
5017
5020
5023
5026
5069
5074
5077
5080
5085
5088
5091
5094
5097
5100
5103
5106
5109
5112
5115
5118
5121
5166
5211
5256
5259
5304
5339
5384
5399
5402
5405
5414
5441
5468
5491
5526
5571
5574
5597
5620
5717
5720
5747
5782
5827
5842
5877
5904
5919
5922
5967
6002
6005
6050
6073
6088
6103
6112
6115
6118
6121
6124
6127
6130
6133
6136
6153
6158
6167
6180
6187
6190
6207
6222
6225
6242
6259
6274
6291
6294
6297
6306
6319
6322
6339
6342
6347
6360
6373
6386
6401
6418
6455
6472
6479
6482
6485
6496
6503
6508
6513
6518
6535
6572
6577
6580
6597
6600
6609
6620
6625
6630
6635
6638
6647
6664
6667
6670
6673
6678
6715
6732
6739
6744
6753
6760
6765
6774
6777
6780
6797
6800
6803
6806
6809
6812
6821
6830
6833
6836
6839
6842
6845
6848
6873
6898
6901
6904
6907
6910
6913
6916
6919
6960
6963
6984
6987
6990
6993
6996
6999
7002
7005
7008
7011
7014
7017
7020
7023
7026
7029
7032
7035
7038
7041
7044
7047
7050
7071
7074
7077
7080
7083
7086
7089
7092
7095
7122
7125
7128
7131
7134
7153
7156
7159
7168
7171
7174
7199
7224
7227
7268
7271
7274
7277
7318
7359
7362
7403
7406
7427
7468
7511
7524
7565
7568
7571
7584
7587
7590
7631
7634
7641
7648
7657
7662
7671
7674
7683
7686
7693
7702
7709
7712
7715
7722
7725
7728
7731
7734
7737
7740
7743
7746
7749
7752
7755
7758
7761
7764
7767
7770
7773
7776
7779
7782
7785
7826
7835
7844
7849
7856
7861
7864
7867
7870
7873
7876
7919
7962
8005
8048
8091
8134
8137
8180
8223
8226
8269
8312
8355
8398
8441
8484
8527
8530
8573
8576
8619
8622
8625
8668
8711
8754
8797
8840
8843
8886
8929
8970
8973
8986
8989
8998
9001
9010
9013
9016
9019
9022
9025
9030
9035
9040
9043
9048
9053
9058
9061
9066
9069
9072
9081
9094
9101
9200
9203
9210
9217
9220
9223
9230
9271
9274
9277
9296
9315
9322
9325
9334
9337
9346
9371
9374
9383
9392
9489
9502
9517
9522
9525
9528
9533
9536
9539
9542
9545
9584
9623
9626
9629
9632
9635
9638
9641
9644
9647
9650
9653
9666
9669
9672
9675
9710
9713
9748
9751
9786
9821
9856
9859
9862
9897
9932
9935
9938
9973
9976
9979
9982
9985
9988
9991
9994
9997
10000
10003
10006
10009
10012
10015
10018
10021
10024
10027
10030
10033
10036
10039
10042
10045
10054
10057
10060
10069
10078
10081
10094
10097
10110
10123
10126
10131
10146
10161
10164
10179
10204
10229
10232
10257
10282
10307
10310
10335
10360
10385
10388
10413
10420
10423
10526
10629
10632
10635
10638
10641
10644
10647
10650
10655
10658
10661
10664
10681
10698
10715
10732
10735
10738
10741
10744
10747
10750
10753
10756
10759
10762
10765
10768
10771
10774
10777
10780
10783
10786
10789
10792
10795
10798
10801
10830
10841
10844
10853
10856
10869
10872
10883
10892
10901
10904
10907
10910
10915
10922
10925
10940
10943
10946
10949
10952
10955
10958
10961
10964
10979
10982
10985
10988
10997
11000
11009
11014
11017
11040
11043
11046
11049
11052
11055
11096
11099
11102
11105
11108
11117
11126
11131
11134
11137
11140
11143
11146
11149
11152
11155
11158
11161
11188
11191
11218
11221
11256
11259
11262
11265
11268
11271
11274
11283
11286
11289
11292
11295
11298
11301
11304
11315
11326
11331
11334
11337
11364
11391
11418
11445
11448
11451
11454
11457
11466
11475
11478
11481
11488
11495
11498
11501
11510
11517
11524
11535
11546
11549
11552
11555
11564
11567
11576
11585
11594
11601
11608
11613
11618
11637
11640
11643
11646
11649
11652
11655
11658
11661
11664
11667
11670
11673
11676
11689
11694
11697
11700
11723
11742
11745
11768
11771
11774
11777
11790
11799
11802
11805
11902
11925
11950
11953
11956
11959
11962
11965
11968
11971
11974
11977
11980
11987
11990
11993
11996
11999
12002
12005
12032
12039
12050
12053
12072
12075
12078
12081
12084
12089
12092
12095
12098
12101
12104
12107
12110
12117
12120
12123
12126
12129
12132
12135
12138
12141
12144
12147
12150
12153
12156
12159
12162
12165
12168
12171
12174
12177
12180
12183
12186
12189
12192
12195
12198
12203
12206
12209
12212
12215
12224
12227
12230
12233
12236
12243
12246
12249
12252
12255
12290
12293
12296
12299
12302
12305
12308
12311
12314
12317
12320
12323
12326
12329
12332
12335
12338
12341
12344
12347
12350
12353
12356
12359
12362
12365
12368
12371
12374
12377
12380
12383
12386
12389
12392
12395
12398
12401
12404
12407
12410
12413
12416
12419
12422
12425
12428
12431
12434
12461
12464
12467
12470
12473
12476
12479
12482
12485
12488
12491
12494
12497
12500
12503
12506
12509
12512
12515
12518
12521
12524
12527
12530
12533
12536
12539
12542
12545
12548
12551
12554
12557
12560
12563
12566
12569
12572
12575
12578
12581
12584
12587
12590
12593
12596
12599
12602
12605
12608
12611
12614
12617
12620
12623
12626
12629
12632
12635
12638
12641
12644
12647
12650
12653
12656
12659
12662
12665
12668
12671
12674
12677
12680
12683
12686
12689
12692
12695
12698
12701
12704
12707
12710
12713
12716
12719
12722
12725
12728
12731
12734
12737
12740
12743
12746
12749
12752
12755
12758
12761
12764
12767
12770
12773
12776
12779
12782
12785
12788
12791
12794
12797
12800
12803
12806
12809
12812
12815
12818
12821
12824
12827
12830
12833
12836
12839
12842
12845
12848
12851
12854
12857
12860
12863
12866
12869
12872
12875
12878
12881
12884
12887
12890
12957
12960
12963
12966
12969
12972
12975
12978
12981
12984
12987
12990
12993
12996
12999
13002
13005
13008
13011
13014
13017
13020
13023
13026
13029
13032
13035
13038
13041
13044
13047
13050
13053
13056
13059
13062
13065
13068
13071
13074
13077
13080
13083
13086
13089
13092
13095
13098
13141
13144
13151
13154
13163
13192
13195
13198
13207
13250
13253
13296
13339
13382
13425
13432
13437
13440
13447
13450
13463
13476
13479
13492
13495
13498
13501
13510
13513
13516
13529
13542
13545
13548
13551
13586
13621
13624
13627
13630
13633
13642
13645
13648
13651
13654
13657
13660
13667
13670
13673
13680
13683
13686
13689
13692
13695
13792
13795
13892
13895
13898
13905
13914
13917
13920
13923
13926
13929
13932
13935
13938
13941
13944
13949
13956
13959
13962
13965
13968
13971
13974
13977
13980
13983
13986
13989
13992
13995
13998
14001
14004
14007
14010
14013
14016
14019
14022
14025
14028
14031
14040
14043
14046
14049
14052
14055
14058
14061
14064
14067
14070
14073
14076
14083
14086
14089
14092
14095
14098
14139
14142
14145
14150
14153
14156
14159
14162
14165
14168
14171
14174
14177
14180
14187
14190
14193
14196
14199
14202
14205
14208
14211
14214
14217
14220
14223
14230
14233
14236
14239
14250
14317
14384
14387
14396
14399
14402
14407
14410
14413
14416
14419
14430
14433
14436
14439
14450
14453
14456
14459
14462
14465
14468
14477
14480
14483
14486
14489
14492
14495
14498
14501
14504
14507
14538
14541
14544
14547
14550
14553
14556
14559
14562
14565
14568
14571
14574
14577
14580
14583
14586
14589
14592
14595
14598
14601
14604
14607
14610
14613
14616
14619
14622
14625
14648
14651
14654
14693
14696
14699
14702
14705
14708
14713
14716
14719
14722
14725
14728
14731
14734
14737
14740
14743
14746
14749
14752
14755
14758
14761
14764
14767
14770
14773
14776
14799
14822
14845
14868
14871
14878
14887
14890
14897
14964
14967
14970
14973
14976
14979
14982
14985
14988
14991
14994
14997
15000
15003
15006
15009
15012
15015
15018
15021
15024
15027
15030
15033
15036
15039
15090
15093
15096
15099
15102
15105
15108
15111
15138
15165
15192
15195
15198
15201
15228
15255
15282
15285
15312
15315
15318
15321
15324
15327
15330
15363
15366
15369
15372
15375
15378
15381
15476
15479
15482
15485
15488
15491
15494
15503
15506
15513
15516
15519
15522
15563
15566
15569
15572
15575
15578
15581
15584
15593
15596
15599
15602
15605
15608
15639
15674
15677
15680
15687
15690
15693
15696
15699
15702
15705
15708
15711
15714
15717
15720
15723
15726
15729
15732
15735
15738
15741
15744
15747
15756
15759
15762
15765
15768
15781
15784
15787
15790
15793
15796
15799
15802
15805
15808
15811
15814
15817
15824
15827
15830
15833
15836
15839
15842
15855
15858
15861
15864
15867
15870
15873
15876
15879
15882
15885
15888
15891
15894
15897
15900
15903
15906
15909
15912
15915
15918
15921
15924
15927
15930
15933
15940
15943
15946
15949
15952
15955
15958
15961
15984
15987
15990
15993
15996
16017
16022
16025
16028
16031
16034
16037
16040
16043
16046
16053
16056
16063
16070
16083
16094
16097
16120
16131
16134
16137
16140
16143
16146
16149
16152
16155
16158
16161
16164
16167
16170
16173
16176
16179
16182
16185
16280
16289
16300
16303
16306
16309
16316
16319
16328
16331
16342
16345
16376
16379
16382
16387
16390
16393
16490
16587
16596
16617
16638
16641
16644
16651
16658
16661
16664
16667
16706
16745
16784
16823
16862
16865
16904
16943
16946
16981
16984
16987
16990
16993
16996
17021
17046
17049
17074
17081
17106
17131
17138
17145
17168
17171
17292
17317
17340
17343
17346
17349
17372
17379
17386
17393
17400
17403
17406
17409
17434
17437
17440
17443
17446
17455
17464
17467
17502
17553
17560
17611
17614
17617
17668
17671
17674
17701
17752
17803
17854
17905
17908
17959
17962
17969
17972
17975
17978
18009
18012
18015
18018
18021
18024
18027
18058
18061
18064
18067
18070
18101
18104
18107
18110
18141
18144
18239
18242
18273
18304
18335
18338
18369
18400
18409
18412
18415
18418
18421
18424
18427
18484
18487
18490
18529
18554
18579
18582
18617
18650
18687
18710
18737
18762
18787
18790
18815
18832
18835
18844
18865
18886
18899
18912
18925
18938
18951
18954
18967
18974
18987
19000
19007
19010
19017
19040
19043
19052
19059
19062
19065
19068
19071
19078
19087
19154
19221
19288
19355
19422
19489
19494
19497
19500
19507
19516
19519
19522
19643
19738
19833
19838
19845
19848
19851
19854
19863
19890
19899
19910
19927
19944
19961
19978
19981
19998
20015
20018
20057
20096
20135
20142
20167
20170
20283
20286
20317
20322
20329
20332
20339
20378
20417
20424
20427
20430
20433
20436
20443
20474
20503
20506
20509
20528
20531
20536
20541
20544
20553
20558
20565
20594
20597
20600
20603
20608
20639
20670
20677
20708
20717
20748
20761
20858
20955
20958
20961
20964
20975
20978
20983
20986
20989
21016
21019
21022
21049
21076
21079
21082
21085
21112
21117
21128
21131
21134
21139
21146
21153
21160
21163
21166
21169
21172
21181
21188
21195
21202
21247
21292
21337
21382
21427
21472
21475
21478
21523
21568
21613
21658
21675
21692
21695
21702
21711
21714
21717
21720
21731
21734
21737
21740
21743
21746
21749
21762
21765
21768
21771
21774
21777
21780
21783
21786
21789
21792
21795
21798
21801
21804
21807
21810
21813
21820
21827
21830
21841
21886
21893
21896
21905
21916
21919
21922
21925
21928
21937
21944
21949
21952
21959
21962
21965
21968
21975
21978
21981
21984
21991
21998
22001
22004
22013
22048
22055
22090
22125
22128
22143
22146
22149
22152
22155
22252
22349
22356
22363
22392
22395
22398
22413
22416
22419
22442
22475
22508
22531
22564
22587
22590
22593
22596
22599
22602
22605
22608
22611
22614
22617
22620
22623
22626
22629
22632
22635
22638
22641
22644
22647
22650
22653
22662
22671
22690
22709
22722
22725
22738
22749
22752
22755
22758
22761
22860
22959
22988
22991
22994
23001
23004
23007
23010
23013
23016
23023
23026
23029
23032
23035
23038
23065
23092
23119
23122
23125
23152
23155
23182
23209
23212
23215
23218
23221
23224
23227
23230
23233
23236
23239
23242
23245
23248
23251
23254
23257
23260
23263
23266
23269
23272
23275
23282
23285
23288
23291
23320
23323
23354
23369
23372
23375
23378
23381
23384
23387
23390
23393
23396
23399
23402
23405
23408
23411
23414
23417
23420
23423
23426
23429
23432
23435
23438
23441
23444
23447
23450
23453
23456
23459
23462
23471
23484
23493
23502
23507
23512
23515
23522
23525
23550
23575
23578
23581
23584
23587
23590
23593
23596
23599
23602
23605
23608
23611
23614
23621
23742
23745
23748
23751
23754
23757
23760
23763
23766
23781
23796
23811
23814
23817
23820
23823
23826
23845
23864
23867
23886
23905
23924
23929
23936
23939
23942
23945
23948
23951
23954
23957
23960
23963
23966
23969
23976
23979
23982
23985
23988
23991
23994
23997
24000
24003
24006
24009
24012
24015
24018
24021
24024
24027
24030
24033
24036
24045
24048
24051
24054
24057
24060
24081
24084
24087
24090
24093
24096
24099
24102
24105
24108
24111
24114
24117
24120
24141
24144
24147
24150
24153
24156
24159
24162
24165
24168
24199
24226
24249
24252
24255
24258
24273
24276
24373
24470
24505
24518
24531
24544
24547
24550
24553
24556
24559
24562
24565
24568
24571
24578
24589
24598
24607
24610
24613
24616
24619
24622
24625
24642
24659
24676
24693
24710
24717
24720
24723
24726
24735
24738
24741
24744
24747
24750
24757
24760
24767
24770
24773
24776
24779
24782
24785
24788
24791
24794
24797
24810
24819
24828
24853
24878
24899
24902
24923
24944
24965
24968
24989
25010
25033
25036
25039
25106
25129
25132
25135
25256
25259
25262
25265
25268
25287
25300
25397
25494
25501
25504
25513
25516
25519
25522
25527
25532
25599
25602
25605
25608
25617
25620
25623
25626
25629
25726
25823
25826
25923
25926
26025
26056
26061
26066
26073
26084
26087
26092
26097
26102
26107
26112
26117
26120
26125
26128
26133
26138
26141
26146
26151
26156
26161
26166
26173
26176
26179
26182
26185
26188
26191
26218
26221
26244
26267
26290
26313
26316
26339
26362
26385
26408
26411
26430
26433
26436
26439
26442
26445
26448
26451
26454
26457
26484
26487
26514
26517
26564
26605
26608
26611
26614
26617
26658
26699
26702
26705
26708
26829
26950
26953
26970
26987
27010
27033
27060
27155
27164
27167
27176
27185
27188
27197
27206
27215
27224
27233
27242
27251
27260
27263
27272
27275
27284
27293
27302
27311
27320
27329
27338
27341
27344
27347
27350
27353
27356
27359
27362
27365
27370
27375
27404
27433
27440
27453
27456
27459
27462
27465
27468
27477
27488
27499
27502
27505
27602
27605
27610
27707
27710
27713
27728
27761
27794
27827
27868
27871
27874
27877
27904
27931
27934
27937
27940
27997
28054
28111
28168
28171
28192
28195
28198
28205
28208
28265
28322
28325
28366
28407
28410
28451
28492
28533
28536
28577
28580
28621
28662
28703
28744
28747
28752
28755
28758
28761
28802
28843
28846
28887
28890
28931
28934
28937
28940
28943
28950
28953
28956
28959
28962
28965
29062
29065
29094
29097
29100
29103
29106
29109
29112
29115
29118
29121
29124
29127
29130
29133
29136
29139
29146
29149
29152
29155
29158
29161
29164
29167
29170
29173
29176
29179
29186
29201
29224
29247
29280
29283
29286
29309
29342
29383
29424
29433
29442
29445
29448
29451
29454
29457
29460
29463
29466
29469
29472
29475
29478
29481
29484
29491
29494
29503
29506
29509
29512
29515
29518
29521
29524
29527
29530
29533
29536
29539
29542
29545
29548
29551
29554
29557
29566
29569
29572
29575
29578
29581
29584
29587
29590
29593
29596
29599
29602
29605
29608
29611
29614
29617
29620
29623
29626
29635
29638
29641
29644
29647
29650
29653
29656
29659
29662
29665
29668
29671
29674
29677
29680
29683
29686
29689
29692
29695
29698
29701
29704
29707
29710
29713
29722
29725
29728
29731
29734
29737
29740
29743
29746
29753
29756
29759
29762
29765
29768
29771
29774
29783
29786
29789
29792
29795
29798
29801
29804
29807
29810
29813
29816
29819
29822
29825
29828
29831
29834
29837
29840
29843
29846
29849
29852
29855
29858
29861
29864
29867
29870
29873
29876
29879
29886
29889
29986
29989
30004
30019
30022
30119
30122
30217
30236
30255
30274
30293
30296
30315
30318
30321
30324
30335
30338
30341
30350
30353
30356
30359
30368
30371
30374
30377
30380
30409
30412
30433
30436
30439
30442
30463
30466
30469
30472
30475
30496
30499
30502
30505
30508
30511
30514
30517
30520
30523
30544
30547
30550
30553
30556
30559
30562
30565
30568
30571
30592
30595
30602
30605
30608
30675
30678
30681
30684
30751
30754
30757
30782
30785
30788
30791
30798
30807
30822
30825
30828
30843
30846
30849
30852
30859
30870
30967
30974
30977
30980
30987
30996
31007
31016
31025
31036
31043
31046
31051
31054
31057
31064
31067
31070
31073
31076
31079
31082
31085
31094
31097
31100
31103
31106
31109
31122
31165
31172
31175
31208
31241
31274
31277
31310
31317
31320
31357
31360
31363
31372
31383
31394
31399
31402
31405
31412
31415
31422
31425
31428
31431
31434
31437
31440
31443
31446
31453
31456
31489
31492
31499
31508
31519
31530
31625
31628
31635
31640
31643
31646
31649
31652
31655
31658
31661
31664
31671
31674
31677
31680
31683
31686
31689
31692
31787
31844
31847
31850
31853
31856
31859
31874
31879
31888
31891
31896
31901
31906
31917
31920
31923
31926
31929
31932
31935
31966
31969
31972
31975
31978
31981
31984
31987
31990
31993
31996
31999
32002
32005
32008
32011
32014
32017
32020
32023
32026
32057
32060
32091
32094
32097
32100
32103
32106
32109
32140
32171
32174
32177
32180
32183
32214
32217
32220
32223
32226
32229
32232
32235
32238
32241
32244
32271
32274
32277
32280
32283
32324
32351
32370
32385
32424
32463
32468
32477
32480
32483
32522
32561
32600
32627
32654
32657
32660
32663
32684
32687
32708
32711
32732
32757
32782
32785
32820
32855
32890
32925
32928
32963
32998
33001
33034
33067
33100
33133
33158
33161
33186
33189
33192
33195
33198
33201
33204
33211
33214
33241
33250
33253
33262
33267
33270
33273
33282
33289
33296
33301
33308
33315
33322
33331
33334
33337
33340
33343
33346
33349
33352
33355
33358
33361
33364
33367
33370
33373
33376
33379
33382
33401
33404
33407
33410
33413
33416
33419
33422
33441
33460
33463
33466
33485
33504
33523
33526
33545
33548
33551
33554
33557
33560
33567
33662
33669
33678
33695
33698
33705
33708
33753
33798
33801
33810
33821
33828
33847
33866
33873
33876
33879
33892
33897
33900
33903
33906
33909
33912
33917
33922
33925
33928
33931
33934
33937
33940
33957
33960
33975
33978
33985
33988
33995
33998
34007
34014
34017
34020
34023
34026
34029
34032
34035
34038
34041
34044
34047
34088
34135
34182
34213
34260
34291
34322
34325
34356
34381
34408
34411
34414
34417
34420
34423
34426
34429
34432
34435
34482
34485
34532
34535
34538
34541
34564
34587
34612
34615
34640
34643
34646
34671
34718
34721
34768
34815
34862
34909
34912
34959
35006
35053
35072
35075
35078
35081
35084
35087
35090
35093
35102
35105
35146
35149
35152
35155
35158
35161
35164
35167
35170
35173
35176
35179
35188
35191
35194
35211
35252
35255
35302
35305
35308
35339
35370
35401
35432
35463
35466
35493
35534
35537
35540
35543
35586
35591
35600
35643
35686
35729
35772
35815
35858
35865
35872
35875
35882
35885
35888
35891
35896
35901
35946
35961
35964
35967
35976
36003
36006
36029
36064
36161
36170
36177
36184
36221
36224
36233
36236
36245
36248
36251
36292
36313
36340
36349
36390
36393
36434
36475
36516
36557
36560
36603
36616
36657
36660
36673
36676
36679
36720
36727
36736
36739
36742
36745
36752
36793
36802
36805
36848
36891
36934
36977
37020
37063
37066
37109
37152
37195
37198
37241
37284
37327
37370
37413
37456
37499
37502
37505
37548
37551
37594
37637
37680
37723
37766
37809
37852
37893
37896
37899
37902
37915
37924
37929
37934
37939
37944
37949
37954
37959
37968
37971
37974
38073
38080
38083
38090
38131
38134
38159
38162
38171
38174
38271
38274
38287
38290
38293
38296
38299
38334
38337
38340
38343
38350
38353
38362
38365
38368
38373
38388
38403
38418
38443
38468
38471
38478
38581
38684
38687
38690
38693
38696
38713
38716
38719
38722
38751
38762
38765
38774
38777
38782
38785
38794
38817
38858
38861
38870
38875
38878
38905
38932
38935
38938
38949
38960
38969
38972
38981
38988
38995
39004
39011
39018
39021
39032
39043
39052
39055
39064
39073
39082
39089
39096
39101
39106
39109
39128
39133
39136
39139
39148
39245
39252
39279
39286
39289
39292
39295
39298
39301
39308
39311
39314
39317
39320
39323
39326
39329
39332
39337
39340
39343
39346
39349
39352
39355
39358
39365
39368
39371
39398
39401
39404
39407
39450
39457
39466
39495
39538
39581
39624
39667
39670
39677
39720
39729
39732
39735
39744
39751
39754
39851
39948
39951
39954
39957
39960
39963
39966
39971
39978
39981
39984
39987
39990
39993
39996
40037
40044
40051
40054
40065
40074
40079
40090
40101
40104
40113
40116
40119
40122
40161
40164
40167
40170
40173
40176
40179
40182
40187
40190
40193
40202
40205
40208
40303
40312
40319
40322
40363
40372
40385
40388
40391
40414
40417
40420
40423
40426
40433
40436
40439
40442
40445
40448
40455
40462
40469
40472
40485
40488
40499
40502
40505
40508
40511
40514
40517
40520
40523
40526
40529
40532
40535
40630
40639
40650
40659
40662
40673
40676
40773
40776
40785
40788
40809
40816
40851
40972
40997
41004
41013
41020
41023
41026
41053
41056
41059
41062
41157
41174
41183
41186
41189
41310
41313
41408
41411
41524
41527
41558
41561
41564
41593
41612
41615
41618
41623
41652
41749
41846
41849
41852
41855
41860
41863
41870
41873
41876
41885
41896
41899
41908
41911
41918
41923
41930
41937
41944
41951
41958
41967
41974
42009
42024
42027
42124
42221
42228
42231
42260
42263
42278
42301
42334
42367
42390
42393
42426
42449
42452
42455
42554
42583
42590
42593
42596
42599
42626
42629
42658
42661
42686
42711
42718
42839
42854
42877
42974
43009
43018
43021
43024
43041
43044
43051
43054
43063
43072
43095
43216
43313
43320
43323
43326
43329
43426
43523
43620
43623
43722
43753
43764
43769
43772
43775
43782
43809
43812
43815
43834
43837
43840
43843
43846
43849
43852
43855
43858
43861
43864
43891
43918
43921
43924
43965
44086
44093
44214
44231
44248
44271
44274
44297
44392
44401
44410
44419
44422
44431
44440
44449
44458
44487
44490
44519
44522
44525
44622
44625
44722
44749
44776
44833
44854
44861
44864
44867
44908
44949
44952
44957
44998
45001
45004
45011
45108
45115
45118
45125
45134
45137
45146
45155
45166
45173
45176
45183
45186
45189
45192
45195
45198
45211
45254
45257
45264
45297
45304
45307
45344
45353
45356
45359
45370
45375
45382
45389
45392
45395
45402
45411
45422
45433
45436
45439
45534
45541
45546
45549
45552
45647
45650
45665
45680
45683
45686
45709
45712
45715
45738
45771
45794
45835
45876
45883
45892
45899
45902
45905
45908
45911
45914
45917
45944
45947
45950
45953
45956
45997
46024
46043
46058
46061
46100
46139
46144
46153
46192
46195
46234
46273
46276
46297
46332
46335
46370
46403
46428
46453
46456
46463
46490
46499
46508
46513
46522
46525
46532
46539
46544
46547
46554
46561
46568
46577
46596
46599
46602
46605
46608
46611
46614
46617
46620
46623
46626
46629
46632
46635
46638
46641
46644
46647
46650
46653
46656
46697
46706
46713
46740
46743
46864
46867
46870
46911
46914
47035
47038
47047
47050
47053
47056
47059
47062
47065
47068
47071
47074
47077
47080
47083
47086
47089
47092
47095
47098
47101
47104
47107
47110
47113
47116
47119
47122
47125
47128
47131
47134
47137
47140
47143
47146
47149
47152
47155
47158
47161
47164
47167
47170
47187
47194
47197
47200
47209
47212
47215
47218
47221
47224
47227
47230
47233
47236
47239
47242
47245
47248
47251
47260
47267
47270
47273
47276
47279
47282
47285
47288
47291
47294
47297
47300
47303
47306
47309
47312
47315
47318
47337
47340
47345
47354
47357
47362
47365
47368
47371
47374
47377
47408
47439
47448
47479
47482
47485
47488
47491
47494
47497
47500
47503
47506
47509
47512
47515
47518
47521
47524
47527
47530
47533
47536
47539
47542
47551
47554
47559
47566
47569
47572
47575
47606
47609
47612
47615
47618
47621
47624
47627
47634
47637
47668
47671
47674
47705
47708
47711
47714
47717
47720
47723
47726
47729
47734
47779
47824
47869
47914
47959
47966
48011
48014
48017
48048
48051
48054
48063
48072
48079
48084
48087
48094
48103
48106
48109
48112
48115
48122
48127
48138
48141
48144
48147
48150
48153
48156
48159
48162
48165
48168
48179
48182
48189
48192
48195
48198
48201
48204
48207
48220
48223
48226
48229
48232
48235
48238
48241
48244
48247
48250
48253
48256
48259
48262
48265
48268
48271
48274
48277
48280
48283
48286
48289
48292
48295
48298
48301
48304
48307
48310
48313
48316
48319
48330
48341
48344
48347
48350
48357
48360
48367
48378
48385
48388
48391
48400
48409
48412
48415
48418
48425
48440
48455
48470
48485
48500
48507
48514
48517
48534
48537
48544
48597
48614
48619
48624
48631
48634
48637
48690
48693
48696
48749
48766
48781
48834
48851
48904
48921
48936
48989
49042
49045
49048
49051
49068
49121
49136
49151
49204
49213
49224
49227
49230
49233
49244
49253
49264
49267
49274
49285
49288
49291
49294
49297
49300
49303
49306
49309
49312
49315
49318
49321
49324
49327
49334
49337
49340
49343
49348
49351
49356
49363
49366
49369
49372
49375
49378
49381
49384
49387
49394
49397
49400
49403
49406
49415
49418
49421
49424
49433
49438
49443
49452
49459
49466
49469
49472
49475
49478
49481
49484
49501
49504
49507
49510
49513
49516
49519
49522
49525
49528
49531
49534
49537
49540
49543
49546
49549
49552
49555
49562
49581
49584
49587
49590
49593
49596
49643
49646
49649
49652
49655
49658
49661
49664
49667
49670
49717
49758
49799
49840
49881
49884
49925
49966
49969
49972
49975
50016
50019
50022
50025
50028
50031
50034
50037
50084
50131
50134
50137
50140
50143
50146
50149
50152
50155
50158
50161
50164
50167
50170
50173
50176
50179
50182
50185
50188
50191
50194
50197
50200
50203
50206
50209
50212
50215
50218
50221
50224
50233
50236
50239
50242
50245
50248
50251
50254
50257
50260
50263
50266
50269
50272
50299
50302
50305
50308
50311
50314
50317
50320
50323
50326
50329
50332
50335
50338
50341
50344
50347
50354
50357
50360
50363
50366
50389
50412
50435
50438
50441
50444
50447
50450
50453
50456
50459
50462
50465
50468
50471
50474
50477
50480
50483
50486
50489
50492
50495
50498
50501
50504
50507
50510
50513
50516
50519
50522
50525
50528
50531
50534
50537
50540
50543
50546
50549
50552
50555
50558
50561
50564
50567
50570
50573
50576
50579
50582
50585
50588
50591
50594
50597
50600
50603
50606
50609
50612
50615
50618
50621
50624
50627
50668
50671
50674
50677
50680
50683
50686
50689
50692
50695
50698
50701
50704
50707
50710
50713
50716
50719
50722
50725
50728
50731
50734
50737
50740
50759
50762
50765
50768
50771
50774
50777
50780
50783
50786
50789
50792
50795
50798
50801
50804
50807
50810
50813
50816
50819
50822
50839
50842
50883
50886
50889
50892
50895
50898
50939
50980
50983
50986
50989
50992
50995
51036
51039
51080
51121
51124
51165
51168
51171
51174
51177
51180
51183
51210
51213
51216
51219
51222
51225
51228
51269
51310
51313
51354
51395
51398
51401
51404
51407
51410
51437
51440
51443
51446
51449
51452
51455
51458
51461
51464
51491
51518
51521
51524
51527
51574
51577
51580
51583
51586
51589
51592
51595
51598
51601
51608
51611
51614
51617
51620
51623
51626
51635
51638
51641
51644
51647
51650
51653
51656
51675
51678
51681
51684
51687
51690
51693
51696
51699
51702
51705
51708
51711
51714
51717
51720
51723
51726
51729
51732
51775
51778
51781
51784
51787
51790
51793
51796
51799
51802
51805
51808
51811
51814
51817
51820
51865
51868
51871
51874
51877
51880
51883
51886
51889
51934
51937
51982
52017
52062
52089
52134
52137
52160
52183
52210
52245
52290
52293
52308
52343
52346
52373
52376
52391
52436
52471
52516
52539
52542
52557
52572
52581
52588
52595
52598
52601
52604
52607
52610
52613
52616
52619
52622
52625
52628
52631
52634
52637
52640
52643
52646
52649
52652
52655
52658
52661
52664
52667
52670
52673
52676
52679
52682
52685
52688
52691
52694
52697
52700
52703
52706
52709
52712
52715
52718
52721
52724
52727
52730
52733
52736
52739
52756
52761
52764
52773
52776
52789
52792
52799
52802
52805
52822
52837
52854
52871
52886
52903
52906
52909
52912
52915
52924
52937
52954
52959
52972
52985
52998
53013
53030
53033
53070
53073
53090
53097
53108
53113
53118
53123
53140
53157
53160
53167
53184
53187
53198
53203
53208
53213
53218
53235
53238
53241
53244
53261
53270
53273
53284
53289
53294
53299
53302
53319
53322
53325
53330
53367
53370
53387
53394
53399
53408
53415
53420
53423
53432
53449
53456
53459
53462
53465
53468
53471
53480
53483
53486
53489
53492
53495
53498
53501
53504
53507
53532
53557
53560
53563
53566
53569
53572
53575
53578
53581
53584
53587
53590
53593
53596
53599
53602
53605
53608
53611
53614
53617
53620
53623
53626
53629
53632
53635
53638
53641
53644
53647
53650
53653
53656
53677
53680
53683
53686
53689
53692
53695
53698
53701
53704
53707
53710
53713
53716
53719
53722
53725
53728
53731
53734
53737
53756
53759
53762
53765
53768
53771
53774
53777
53780
53805
53830
53833
53836
53839
53842
53845
53848
53851
53854
53875
53878
53885
53894
53899
53908
53911
53918
53927
53934
53937
53940
53943
53946
53949
53952
53955
53958
53967
53972
53979
53984
53987
53990
53993
53996
53999
54002
54005
54014
54017
54020
54023
54032
54035
54038
54041
54044
54047
54054
54057
54060
54063
54066
54069
54072
54075
54078
54081
54094
54097
54104
54111
54114
54117
54136
54155
54158
54165
54168
54177
54180
54183
54192
54195
54204
54207
54222
54227
54232
54235
54238
54241
54244
54247
54250
54253
54256
54259
54262
54265
54268
54271
54310
54313
54316
54355
54358
54361
54364
54367
54370
54373
54376
54379
54382
54385
54388
54391
54394
54397
54400
54403
54406
54409
54412
54419
54432
54435
54438
54441
54444
54447
54450
54485
54520
54555
54558
54593
54596
54599
54602
54637
54672
54675
54678
54713
54716
54719
54722
54725
54728
54731
54734
54737
54740
54743
54746
54749
54752
54755
54758
54761
54764
54767
54770
54773
54776
54779
54782
54785
54788
54791
54800
54809
54812
54815
54818
54821
54824
54827
54830
54833
54836
54839
54842
54845
54854
54857
54860
54863
54866
54869
54876
54879
54882
54895
54908
54921
54924
54927
54952
54977
54980
54983
55008
55033
55058
55061
55086
55111
55136
55139
55142
55145
55148
55151
55154
55157
55160
55163
55166
55169
55172
55175
55178
55181
55186
55189
55192
55195
55212
55229
55246
55249
55252
55255
55258
55261
55264
55267
55270
55273
55276
55279
55282
55285
55288
55291
55294
55297
55300
55303
55306
55309
55312
55315
55318
55321
55324
55327
55330
55333
55336
55339
55342
55345
55348
55351
55354
55357
55360
55363
55366
55369
55372
55375
55378
55381
55410
55413
55416
55425
55438
55449
55458
55461
55464
55467
55470
55473
55476
55479
55482
55489
55504
55507
55510
55513
55516
55519
55522
55525
55528
55531
55534
55537
55540
55543
55546
55549
55552
55555
55558
55561
55564
55567
55570
55573
55576
55579
55594
55597
55600
55609
55614
55617
55620
55623
55626
55629
55632
55635
55638
55641
55644
55647
55654
55657
55660
55669
55672
55675
55678
55681
55684
55687
55690
55693
55696
55699
55702
55705
55708
55711
55714
55717
55752
55755
55758
55761
55764
55767
55770
55773
55776
55779
55782
55785
55788
55791
55794
55797
55800
55803
55806
55809
55812
55815
55818
55821
55824
55827
55830
55833
55836
55845
55848
55857
55860
55863
55866
55869
55872
55875
55878
55883
55910
55937
55940
55967
55994
55997
56000
56003
56006
56009
56012
56015
56018
56021
56024
56027
56030
56033
56036
56039
56042
56045
56048
56051
56054
56057
56070
56073
56076
56079
56082
56085
56088
56111
56130
56133
56136
56139
56142
56165
56168
56171
56174
56177
56180
56193
56196
56199
56222
56225
56228
56253
56256
56259
56262
56265
56268
56271
56274
56277
56280
56283
56286
56289
56292
56295
56298
56301
56304
56307
56310
56313
56316
56327
56330
56349
56352
56355
56358
56361
56364
56369
56372
56375
56378
56381
56384
56387
56390
56393
56396
56399
56402
56405
56408
56411
56414
56417
56420
56423
56426
56429
56432
56435
56444
56447
56450
56453
56456
56459
56462
56465
56468
56471
56474
56477
56480
56483
56486
56489
56524
56527
56530
56533
56536
56539
56542
56545
56548
56551
56554
56557
56560
56563
56566
56569
56572
56575
56578
56581
56584
56587
56590
56593
56596
56599
56602
56605
56608
56611
56614
56617
56620
56623
56626
56629
56632
56635
56638
56641
56644
56647
56650
56653
56656
56659
56662
56665
56668
56671
56674
56677
56680
56683
56686
56689
56692
56695
56698
56701
56704
56707
56710
56713
56716
56719
56722
56725
56728
56731
56734
56737
56740
56743
56746
56749
56752
56755
56758
56761
56764
56767
56770
56773
56776
56779
56782
56785
56788
56791
56794
56797
56800
56803
56806
56809
56812
56815
56818
56821
56824
56827
56830
56833
56836
56839
56842
56845
56848
56851
56854
56857
56860
56863
56866
56869
56872
56875
56878
56881
56884
56887
56890
56893
56896
56899
56902
56905
56908
56911
56914
56917
56920
56923
56926
56929
56932
56935
56938
56941
56944
56947
56950
56953
56956
56959
56962
56965
56968
56971
56974
56977
56980
56983
56986
56989
56992
56995
56998
57001
57004
57007
57010
57013
57016
57019
57022
57025
57028
57031
57034
57037
57040
57043
57046
57049
57052
57055
57058
57061
57064
57067
57070
57073
57076
57079
57082
57085
57088
57091
57094
57097
57100
57103
57106
57109
57112
57115
57118
57121
57124
57127
57130
57133
57136
57139
57142
57145
57148
57151
57154
57157
57160
57163
57166
57169
57172
57175
57178
57181
57184
57187
57190
57193
57196
57199
57202
57205
57208
57211
57214
57217
57220
57223
57226
57229
57232
57235
57238
57241
57244
57247
57250
57253
57256
57259
57262
57265
57268
57271
57274
57277
57280
57283
57286
57289
57292
57295
57298
57301
57304
57307
57310
57313
57316
57319
57322
57325
57328
57331
57334
57337
57340
57343
57346
57349
57352
57355
57358
57361
57364
57367
57370
57373
57376
57379
57382
57385
57388
57391
57394
57397
57400
57403
57406
57409
57476
57479
57482
57485
57488
57491
57494
57497
57500
57503
57506
57509
57512
57515
57518
57521
57524
57527
57530
57533
57536
57539
57542
57545
57548
57551
57554
57557
57560
57563
57566
57569
57572
57575
57578
57581
57584
57587
57590
57593
57596
57599
57602
57605
57608
57611
57614
57617
57620
57623
57626
57629
57632
57635
57638
57641
57644
57647
57650
57653
57656
57659
57662
57665
57668
57671
57674
57677
57680
57683
57686
57689
57692
57695
57698
57701
57704
57713
57716
57719
57722
57729
57732
57737
57744
57747
57760
57773
57786
57789
57792
57795
57798
57801
57804
57817
57830
57833
57836
57871
57874
57909
57912
57915
57918
57921
57924
57927
57930
57933
57936
57939
57942
57945
57952
57955
57958
57961
57964
57967
57970
57973
57976
57983
57986
57995
57998
58001
58004
58007
58010
58013
58016
58019
58022
58025
58028
58031
58034
58037
58040
58043
58046
58049
58052
58055
58058
58061
58064
58067
58070
58073
58082
58085
58088
58091
58094
58097
58100
58103
58106
58109
58112
58115
58118
58121
58124
58131
58134
58137
58140
58143
58146
58149
58154
58157
58160
58163
58166
58169
58172
58175
58178
58181
58184
58187
58190
58193
58196
58199
58202
58205
58208
58211
58214
58217
58220
58223
58290
58357
58360
58363
58366
58369
58372
58375
58378
58381
58384
58387
58390
58393
58396
58399
58402
58405
58408
58411
58414
58417
58420
58451
58454
58457
58460
58463
58466
58469
58472
58475
58478
58481
58484
58487
58490
58493
58496
58499
58502
58505
58508
58511
58514
58517
58520
58523
58526
58529
58532
58535
58538
58561
58564
58567
58570
58573
58576
58579
58582
58585
58588
58591
58594
58597
58600
58603
58606
58609
58612
58615
58618
58621
58624
58647
58670
58693
58696
58719
58726
58729
58732
58735
58742
58809
58812
58815
58818
58821
58824
58827
58830
58833
58836
58839
58842
58845
58848
58851
58854
58857
58860
58863
58866
58869
58872
58875
58878
58881
58932
58935
58938
58941
58944
58947
58950
58953
58956
58983
59010
59037
59064
59091
59118
59121
59124
59151
59154
59157
59160
59163
59166
59169
59172
59175
59178
59181
59184
59187
59190
59193
59196
59199
59202
59205
59208
59211
59214
59217
59220
59223
59226
59229
59232
59235
59238
59241
59244
59247
59250
59281
59316
59319
59326
59329
59332
59335
59338
59341
59344
59347
59350
59353
59356
59359
59362
59365
59368
59371
59374
59377
59380
59383
59386
59389
59392
59395
59398
59407
59410
59413
59416
59419
59422
59435
59438
59441
59444
59447
59450
59453
59456
59459
59462
59465
59468
59471
59474
59477
59480
59483
59486
59489
59492
59495
59498
59501
59504
59507
59510
59513
59516
59519
59522
59525
59528
59531
59534
59537
59540
59543
59546
59549
59552
59555
59558
59561
59564
59567
59570
59573
59576
59579
59582
59585
59588
59591
59594
59615
59620
59623
59646
59649
59660
59663
59666
59669
59672
59675
59678
59681
59776
59779
59782
59785
59792
59799
59812
59815
59818
59823
59854
59857
59862
59865
59962
59965
59974
59995
60004
60007
60010
60013
60020
60023
60026
60029
60032
60035
60038
60041
60044
60047
60086
60125
60164
60203
60242
60281
60320
60323
60326
60329
60332
60335
60338
60341
60344
60347
60350
60375
60400
60425
60450
60453
60456
60481
60488
60495
60518
60521
60546
60569
60592
60599
60602
60609
60612
60619
60626
60629
60632
60635
60660
60663
60666
60669
60678
60681
60684
60687
60722
60725
60776
60827
60830
60881
60884
60887
60914
60965
60968
60971
60974
60977
60980
60983
61034
61037
61088
61139
61190
61197
61200
61203
61300
61303
61306
61337
61340
61343
61346
61349
61352
61383
61386
61389
61392
61423
61426
61429
61432
61435
61438
61469
61472
61503
61506
61537
61568
61599
61602
61633
61642
61645
61648
61651
61654
61657
61660
61757
61760
61763
61766
61823
61826
61829
61868
61893
61918
61953
61986
61989
61992
61995
62032
62055
62082
62107
62132
62157
62178
62199
62212
62225
62228
62231
62244
62257
62270
62283
62296
62309
62316
62319
62326
62329
62352
62355
62358
62367
62374
62377
62384
62393
62460
62527
62530
62597
62664
62667
62734
62801
62806
62813
62822
62943
63038
63041
63046
63049
63056
63059
63062
63071
63098
63101
63110
63113
63116
63119
63122
63125
63128
63131
63134
63137
63140
63143
63146
63149
63152
63155
63158
63169
63172
63175
63178
63195
63212
63229
63232
63249
63266
63283
63322
63361
63400
63403
63410
63435
63440
63443
63450
63457
63496
63535
63542
63545
63552
63555
63558
63589
63592
63595
63598
63601
63604
63609
63614
63623
63630
63633
63636
63639
63644
63647
63678
63709
63740
63749
63752
63755
63758
63761
63764
63767
63770
63773
63776
63779
63782
63785
63788
63791
63794
63825
63828
63831
63844
63847
63858
63861
63864
63867
63894
63897
63900
63927
63930
63957
63960
63963
63966
63993
63998
64009
64014
64021
64028
64031
64038
64047
64050
64053
64060
64067
64112
64157
64202
64247
64250
64295
64340
64385
64430
64433
64478
64523
64540
64557
64560
64563
64566
64569
64572
64575
64578
64581
64584
64587
64590
64597
64600
64609
64612
64615
64626
64637
64640
64643
64646
64649
64652
64655
64658
64671
64674
64677
64684
64691
64694
64697
64708
64753
64756
64759
64762
64765
64768
64771
64774
64777
64780
64783
64786
64789
64792
64795
64798
64805
64808
64811
64814
64817
64820
64823
64826
64829
64832
64835
64838
64841
64876
64911
64914
64917
64920
64927
64930
64933
64936
64939
64942
64945
64948
64951
64954
64957
64960
64963
64966
64969
64972
64975
64978
64981
64984
64987
64990
64993
64996
64999
65002
65005
65008
65011
65014
65017
65020
65023
65032
65035
65044
65063
65082
65095
65108
65111
65122
65125
65128
65131
65134
65233
65236
65243
65246
65249
65252
65255
65258
65261
65264
65267
65270
65277
65280
65307
65334
65337
65340
65343
65346
65349
65352
65355
65358
65385
65388
65415
65442
65445
65448
65451
65454
65457
65460
65463
65466
65469
65472
65475
65478
65481
65484
65487
65490
65493
65496
65499
65550
65553
65556
65559
65562
65587
65590
65593
65596
65599
65602
65605
65608
65611
65614
65617
65620
65651
65666
65669
65672
65675
65678
65681
65684
65687
65690
65693
65696
65699
65702
65705
65708
65711
65714
65717
65720
65723
65726
65729
65732
65735
65738
65741
65744
65747
65750
65753
65756
65759
65762
65765
65768
65771
65774
65783
65786
65789
65792
65795
65798
65801
65804
65807
65810
65813
65816
65819
65822
65825
65828
65831
65844
65853
65856
65865
65870
65875
65882
65885
65888
65891
65894
65897
65900
65903
65906
65909
65912
65915
65918
65921
65924
65927
65930
65933
65936
65939
65942
65945
65948
65951
65966
65981
65984
65987
65990
65993
65996
66015
66034
66053
66072
66091
66094
66097
66102
66109
66112
66115
66118
66121
66124
66127
66130
66133
66136
66139
66142
66145
66148
66151
66154
66157
66160
66163
66166
66169
66172
66175
66178
66181
66184
66187
66190
66193
66196
66199
66202
66205
66214
66217
66220
66223
66226
66229
66232
66235
66256
66259
66262
66265
66268
66271
66274
66277
66280
66283
66286
66289
66292
66295
66316
66319
66322
66325
66328
66331
66334
66337
66340
66343
66374
66401
66404
66407
66410
66425
66522
66525
66528
66541
66554
66557
66570
66573
66576
66579
66582
66585
66588
66591
66594
66597
66600
66603
66606
66609
66612
66619
66630
66633
66642
66645
66648
66651
66654
66671
66674
66677
66694
66711
66728
66731
66734
66737
66740
66747
66756
66759
66762
66765
66768
66771
66774
66777
66780
66783
66786
66789
66792
66795
66798
66801
66804
66807
66810
66813
66816
66823
66826
66829
66832
66835
66838
66841
66844
66847
66850
66853
66866
66891
66916
66919
66940
66961
66982
66985
67006
67027
67048
67051
67054
67057
67060
67127
67150
67153
67156
67159
67162
67165
67168
67171
67174
67177
67196
67209
67306
67315
67318
67321
67324
67329
67334
67401
67404
67407
67410
67413
67416
67419
67422
67425
67428
67431
67440
67443
67446
67449
67452
67455
67458
67461
67464
67467
67470
67473
67476
67479
67482
67485
67488
67491
67496
67501
67512
67517
67522
67525
67528
67533
67538
67543
67548
67553
67558
67563
67566
67571
67576
67579
67582
67587
67592
67599
67602
67605
67608
67611
67614
67617
67620
67623
67626
67629
67632
67635
67638
67641
67644
67647
67650
67653
67656
67659
67662
67685
67708
67731
67754
67777
67800
67823
67826
67849
67852
67855
67858
67905
67946
67949
67952
67993
68034
68037
68040
68043
68070
68079
68082
68091
68100
68109
68118
68127
68130
68139
68148
68157
68166
68175
68178
68181
68190
68199
68208
68211
68220
68223
68226
68229
68232
68235
68238
68241
68244
68247
68250
68253
68256
68259
68262
68267
68272
68279
68292
68295
68298
68301
68304
68313
68324
68335
68338
68341
68348
68353
68356
68371
68374
68377
68410
68443
68476
68517
68520
68523
68526
68529
68532
68589
68592
68595
68652
68709
68766
68769
68772
68775
68832
68889
68930
68933
68974
68977
69018
69059
69062
69103
69144
69185
69226
69267
69270
69273
69276
69279
69282
69285
69288
69291
69294
69297
69338
69341
69382
69423
69426
69429
69432
69435
69442
69445
69448
69451
69454
69457
69460
69557
69560
69563
69592
69595
69598
69601
69604
69607
69636
69639
69642
69645
69648
69651
69654
69657
69660
69663
69666
69669
69672
69675
69678
69681
69684
69687
69690
69693
69696
69699
69702
69705
69712
69715
69718
69721
69724
69727
69730
69733
69736
69739
69742
69745
69748
69755
69764
69771
69780
69783
69786
69789
69792
69795
69798
69801
69804
69807
69810
69813
69816
69819
69822
69825
69828
69831
69834
69865
69868
69871
69874
69877
69880
69883
69886
69889
69892
69895
69898
69901
69904
69907
69910
69913
69916
69919
69922
69953
69956
69959
69966
69997
70000
70003
70006
70037
70040
70071
70074
70077
70080
70083
70086
70131
70162
70165
70168
70171
70174
70177
70186
70189
70192
70195
70198
70201
70204
70207
70210
70213
70216
70219
70222
70225
70228
70231
70234
70237
70240
70243
70252
70255
70258
70261
70264
70267
70270
70273
70276
70279
70282
70285
70288
70291
70294
70297
70300
70303
70306
70309
70312
70315
70318
70321
70330
70333
70336
70339
70342
70345
70348
70351
70354
70357
70360
70363
70366
70369
70372
70375
70378
70381
70384
70387
70390
70393
70396
70399
70402
70405
70414
70417
70420
70423
70426
70429
70432
70435
70438
70441
70444
70447
70450
70453
70456
70459
70462
70471
70474
70477
70480
70483
70486
70489
70492
70495
70498
70501
70504
70507
70510
70513
70516
70519
70522
70525
70528
70531
70534
70537
70540
70543
70546
70549
70552
70555
70558
70561
70564
70567
70570
70573
70576
70579
70582
70585
70588
70591
70594
70597
70600
70607
70610
70707
70742
70777
70792
70795
70810
70813
70908
70911
71006
71009
71012
71109
71206
71301
71320
71323
71336
71355
71358
71361
71380
71399
71418
71437
71440
71443
71446
71457
71460
71463
71466
71469
71478
71481
71484
71493
71502
71511
71514
71517
71520
71523
71526
71549
71552
71555
71576
71605
71608
71629
71650
71653
71656
71659
71662
71683
71686
71689
71692
71695
71716
71719
71722
71725
71728
71731
71734
71737
71740
71743
71764
71767
71770
71773
71776
71779
71782
71785
71788
71791
71812
71815
71818
71821
71824
71827
71830
71837
71840
71843
71846
71913
71980
71983
71986
72011
72014
72017
72020
72023
72038
72053
72056
72153
72156
72159
72162
72165
72168
72171
72174
72277
72284
72287
72290
72301
72312
72315
72318
72345
72348
72445
72454
72457
72464
72471
72474
72515
72518
72521
72524
72527
72530
72571
72574
72671
72674
72677
72680
72683
72686
72689
72692
72701
72704
72707
72710
72713
72716
72719
72722
72725
72728
72731
72734
72737
72740
72743
72800
72807
72814
72825
72828
72861
72864
72867
72900
72933
72936
72943
72946
72949
72952
72963
72966
72969
72972
72979
72986
72989
72992
72995
72998
73001
73004
73007
73010
73013
73016
73019
73022
73025
73028
73031
73034
73037
73040
73043
73046
73053
73068
73101
73142
73145
73148
73243
73246
73255
73258
73265
73276
73279
73282
73285
73288
73383
73386
73389
73392
73395
73398
73401
73404
73407
73410
73413
73416
73419
73422
73425
73428
73431
73434
73437
73440
73443
73446
73449
73452
73455
73458
73461
73464
73467
73470
73473
73476
73479
73482
73485
73488
73491
73494
73497
73500
73503
73506
73509
73512
73515
73518
73521
73524
73527
73530
73533
73536
73539
73542
73545
73548
73551
73554
73557
73560
73563
73566
73569
73572
73575
73578
73581
73584
73587
73590
73593
73596
73599
73602
73605
73608
73611
73614
73617
73620
73623
73626
73629
73632
73635
73638
73641
73644
73647
73650
73653
73656
73659
73662
73665
73668
73671
73674
73677
73680
73683
73686
73689
73692
73695
73698
73701
73704
73707
73710
73713
73716
73719
73722
73725
73728
73731
73734
73737
73740
73743
73746
73749
73752
73755
73758
73761
73764
73767
73770
73773
73776
73779
73782
73785
73788
73791
73794
73797
73800
73803
73806
73809
73812
73815
73818
73821
73824
73827
73830
73833
73836
73839
73842
73845
73848
73851
73854
73857
73860
73863
73866
73869
73872
73875
73878
73881
73884
73887
73890
73893
73896
73899
73902
73905
73908
73911
73914
73917
73920
73923
73926
73929
73932
73935
73938
73941
73944
73947
73950
73953
73956
73959
73962
73965
73968
73971
73974
73977
73980
73983
73986
73989
73992
73995
73998
74001
74004
74007
74010
74013
74016
74019
74022
74025
74028
74031
74034
74037
74040
74043
74046
74049
74052
74055
74058
74061
74064
74067
74070
74073
74076
74079
74082
74085
74088
74091
74094
74097
74100
74103
74106
74109
74112
74115
74118
74121
74124
74127
74130
74133
74136
74139
74142
74145
74148
74151
74154
74157
74160
74163
74166
74169
74172
74175
74178
74181
74184
74187
74190
74193
74196
74199
74202
74205
74208
74211
74214
74217
74220
74223
74226
74229
74232
74235
74238
74241
74244
74247
74250
74253
74256
74259
74262
74265
74268
74271
74274
74277
74280
74283
74286
74289
74292
74295
74298
74301
74304
74307
74310
74313
74316
74319
74322
74325
74328
74331
74334
74337
74340
74343
74346
74349
74352
74355
74358
74361
74364
74367
74370
74373
74376
74379
74382
74385
74388
74391
74394
74397
74400
74403
74406
74409
74412
74415
74418
74421
74424
74427
74430
74433
74436
74439
74442
74445
74448
74451
74454
74457
74460
74479
74482
74485
74488
74491
74494
74497
74500
74503
74506
74509
74512
74515
74518
74521
74524
74527
74530
74533
74536
74539
74542
74561
74564
74567
74570
74573
74576
74579
74582
74585
74588
74591
74594
74597
74600
74603
74606
74609
74612
74615
74618
74621
74624
74627
74630
74633
74636
74639
74642
74645
74648
74651
74654
74657
74676
74679
74682
74685
74688
74691
74694
74697
74700
74703
74706
74725
74728
74731
74734
74737
74740
74743
74746
74749
74752
74755
74774
74777
74780
74783
74786
74789
74792
74795
74798
74801
74804
74823
74826
74829
74832
74835
74838
74841
74844
74847
74850
74853
74856
74859
74862
74865
74868
74871
74874
74877
74880
74883
74886
74889
74892
74895
74898
74901
74904
74907
74910
74913
74916
74919
74922
74963
74966
74969
74972
74975
74978
74981
74984
74987
74990
74993
75000
75003
75006
75009
75012
75015
75018
75021
75024
75027
75030
75039
75042
75045
75048
75051
75054
75057
75060
75063
75066
75069
75076
75079
75082
75085
75088
75091
75094
75097
75100
75103
75106
75227
75230
75233
75236
75239
75242
75245
75248
75251
75254
75257
75260
75263
75266
75269
75272
75275
75278
75281
75284
75287
75290
75385
75388
75391
75394
75397
75400
75403
75406
75409
75412
75415
75422
75425
75428
75431
75434
75437
75440
75443
75446
75449
75452
75455
75458
75461
75464
75467
75470
75473
75476
75479
75482
75485
75488
75497
75500
75503
75506
75509
75512
75515
75518
75521
75524
75527
75530
75533
75536
75539
75542
75545
75548
75551
75554
75557
75560
75563
75566
75569
75572
75575
75578
75581
75584
75587
75590
75593
75596
75599
75602
75605
75608
75611
75614
75617
75620
75623
75626
75629
75632
75635
75638
75641
75644
75647
75650
75653
75656
75659
75662
75665
75668
75671
75674
75677
75680
75683
75686
75689
75692
75695
75698
75701
75704
75707
75710
75713
75716
75719
75722
75725
75728
75731
75734
75737
75740
75743
75746
75749
75752
75755
75758
75761
75764
75767
75770
75773
75784
75787
75796
75799
75802
75805
75808
75813
75854
75859
75954
75957
76014
76071
76128
76169
76172
76175
76178
76219
76222
76225
76228
76231
76234
76237
76240
76243
76246
76249
76252
76255
76258
76261
76264
76267
76270
76273
76276
76279
76282
76285
76288
76291
76294
76297
76300
76303
76306
76309
76312
76315
76318
76321
76324
76327
76330
76333
76336
76339
76342
76345
76348
76351
76354
76357
76360
76363
76366
76369
76372
76375
76378
76381
76384
76387
76390
76393
76396
76399
76402
76405
76408
76411
76414
76417
76420
76423
76426
76429
76432
76435
76438
76441
76444
76447
76450
76453
76456
76459
76462
76465
76468
76471
76474
76477
76480
76483
76486
76489
76492
76495
76498
76501
76504
76507
76510
76513
76516
76519
76522
76525
76528
76531
76534
76537
76540
76543
76546
76549
76552
76555
76558
76561
76564
76567
76570
76573
76576
76579
76582
76585
76588
76591
76594
76597
76600
76603
76606
76609
76612
76615
76618
76621
76626
76635
76640
76645
76650
76661
76664
76667
76670
76673
76676
76679
76682
76685
76688
76691
76694
76697
76706
76709
76718
76721
76724
76775
76800
76803
76806
76829
76832
76835
76838
76847
76882
76885
76888
76891
76894
76897
76900
76921
76948
76951
76978
76981
76984
76987
77008
77029
77054
77079
77082
77117
77120
77155
77190
77225
77228
77261
77294
77327
77330
77333
77336
77339
77342
77345
77348
77351
77354
77357
77360
77363
77366
77369
77372
77375
77378
77381
77384
77387
77390
77395
77398
77401
77404
77407
77410
77413
77416
77419
77422
77425
77428
77431
77434
77437
77440
77443
77446
77449
77452
77455
77458
77461
77464
77467
77470
77473
77490
77493
77496
77499
77502
77505
77508
77511
77514
77517
77520
77537
77540
77543
77546
77549
77552
77555
77558
77561
77564
77567
77570
77573
77576
77579
77582
77585
77588
77591
77594
77597
77600
77607
77610
77613
77616
77619
77622
77625
77628
77631
77634
77637
77640
77643
77646
77649
77652
77655
77658
77661
77664
77667
77670
77679
77682
77685
77688
77691
77694
77697
77700
77703
77706
77709
77712
77715
77718
77721
77724
77727
77730
77733
77736
77739
77742
77745
77748
77751
77754
77757
77760
77763
77766
77769
77772
77775
77778
77781
77784
77787
77790
77793
77796
77799
77802
77805
77808
77811
77814
77817
77820
77823
77826
77829
77832
77835
77838
77841
77844
77847
77850
77853
77856
77859
77862
77865
77868
77871
77874
77877
77880
77883
77886
77889
77892
77895
77898
77901
77904
77907
77910
77913
77916
77919
77922
77925
77928
77931
77934
77937
77940
77943
77946
77949
77952
77955
77958
77961
77964
77967
77970
77973
77976
77979
77982
77985
77988
77991
77994
77997
78000
78003
78006
78009
78012
78015
78018
78021
78024
78027
78030
78033
78036
78039
78042
78045
78054
78057
78060
78063
78066
78069
78072
78075
78078
78081
78084
78087
78090
78093
78096
78099
78102
78105
78108
78111
78114
78117
78120
78139
78142
78145
78148
78151
78154
78157
78160
78163
78166
78169
78172
78175
78178
78181
78184
78187
78190
78193
78196
78199
78202
78211
78214
78217
78220
78223
78226
78229
78232
78235
78238
78241
78272
78275
78278
78281
78284
78315
78324
78355
78364
78369
78376
78379
78382
78413
78416
78423
78454
78485
78488
78491
78494
78499
78502
78547
78592
78637
78682
78727
78772
78817
78862
78865
78896
78899
78906
78915
78918
78925
78930
78941
78944
78947
78950
78961
78964
78967
78970
78973
78976
78979
78986
78989
78992
78995
78998
79001
79012
79015
79018
79021
79024
79027
79030
79043
79062
79081
79084
79087
79094
79107
79112
79115
79118
79121
79124
79127
79132
79135
79140
79143
79146
79149
79152
79155
79158
79161
79164
79167
79170
79173
79176
79179
79182
79185
79188
79191
79194
79197
