0
7
10
13
16
19
28
31
34
37
40
43
46
49
52
55
58
67
70
73
76
79
82
91
94
97
100
103
106
115
118
121
124
127
130
133
136
177
180
183
186
195
198
201
204
207
210
213
254
257
260
269
272
275
278
281
284
287
290
321
324
327
330
339
342
345
348
351
354
357
360
363
366
369
372
381
384
387
390
393
396
417
420
423
426
429
438
447
456
459
462
465
500
503
506
509
512
515
518
521
530
533
536
571
574
577
580
583
586
589
592
605
614
617
620
647
650
653
656
659
662
665
668
671
674
683
710
727
730
763
766
769
772
775
778
781
806
833
842
845
862
879
882
885
888
891
894
897
900
903
910
919
922
939
942
945
948
951
954
957
960
963
966
975
978
981
984
987
990
993
1020
1023
1026
1035
1038
1047
1050
1053
1056
1059
1062
1089
1092
1095
1098
1101
1104
1113
1116
1119
1122
1125
1152
1155
1158
1161
1164
1167
1170
1179
1182
1185
1188
1203
1206
1209
1212
1215
1218
1221
1224
1233
1236
1239
1268
1271
1274
1277
1280
1283
1286
1289
1292
1301
1304
1307
1338
1341
1344
1347
1350
1353
1356
1359
1362
1365
1374
1377
1380
1383
1386
1389
1392
1395
1398
1401
1404
1407
1428
1437
1440
1451
1454
1457
1460
1463
1466
1469
1472
1507
1520
1529
1532
1535
1550
1559
1572
1575
1592
1595
1630
1633
1636
1651
1660
1663
1666
1669
1672
1675
1678
1689
1692
1695
1698
1701
1710
1713
1716
1719
1722
1725
1752
1755
1758
1761
1764
1773
1776
1779
1782
1785
1798
1825
1828
1831
1834
1837
1840
1849
1852
1855
1858
1861
1890
1893
1896
1899
1902
1905
1908
1917
1920
1923
1926
1953
1956
1959
1962
1965
1968
1971
1974
1983
1986
1989
1992
2019
2022
2025
2028
2031
2034
2037
2040
2043
2052
2055
2082
2085
2088
2091
2094
2097
2100
2103
2106
2109
2118
2133
2136
2139
2142
2145
2148
2151
2154
2157
2160
2163
2204
2213
2216
2229
2246
2249
2252
2255
2258
2261
2264
2287
2290
2293
2296
2299
2302
2305
2308
2311
2314
2317
2334
2337
2346
2349
2352
2355
2366
2369
2372
2375
2378
2381
2384
2393
2396
2399
2402
2405
2408
2411
2414
2417
2450
2453
2456
2465
2468
2471
2480
2483
2486
2489
2492
2499
2502
2505
2508
2517
2520
2523
2526
2529
2532
2535
2540
2543
2546
2571
2588
2597
2614
2617
2620
2623
2626
2629
2636
2639
2650
2667
2678
2689
2702
2705
2738
2741
2772
2813
2828
2847
2850
2863
2866
2869
2872
2875
2878
2881
2908
2911
2914
2917
2920
2923
2926
2953
2956
2959
2962
2989
2992
2995
2998
3001
3004
3007
3016
3019
3022
3025
3074
3077
3080
3083
3120
3123
3152
3215
3218
3241
3244
3269
3272
3275
3278
3313
3316
3319
3322
3325
3328
3331
3356
3359
3362
3365
3368
3397
3400
3403
3406
3417
3420
3423
3426
3429
3432
3435
3450
3453
3456
3459
3462
3465
3496
3499
3502
3505
3508
3511
3562
3565
3568
3571
3574
3627
3630
3633
3636
3639
3642
3711
3718
3721
3724
3727
3730
3757
3760
3763
3766
3769
3772
3775
3778
3781
3784
3787
3824
3827
3830
3833
3836
3839
3842
3845
3908
3911
3914
3917
3920
3923
3926
3929
3932
4009
4012
4037
4062
4125
4142
4145
4148
4151
4154
4157
4160
4177
4190
4193
4206
4225
4228
4231
4234
4237
4240
4243
4246
4255
4258
4261
4292
4295
4298
4303
4306
4317
4320
4331
4340
4355
4382
4407
4410
4425
4428
4435
4472
4475
4478
4481
4490
4493
4520
4523
4526
4529
4532
4547
4550
4553
4556
4593
4610
4613
4620
4623
4626
4629
4642
4645
4648
4651
4654
4683
4712
4715
4718
4721
4724
4727
4730
4733
4736
4739
4742
4745
4748
4811
4814
4817
4820
4829
4832
4835
4838
4841
4844
4847
4850
4885
4888
4891
4894
4897
4900
4903
4906
4909
4912
4915
4918
4981
5010
5013
5016
5019
5022
5025
5028
5031
5034
5037
5040
5043
5046
5049
5052
5055
5058
5061
5064
5067
5070
5073
5076
5079
5130
5133
5136
5139
5142
5145
5148
5151
5154
5157
5160
5163
5166
5169
5172
5175
5184
5205
5208
5211
5214
5217
5220
5223
5302
5305
5308
5311
5314
5317
5320
5323
5326
5329
5332
5335
5360
5363
5366
5369
5372
5375
5378
5381
5384
5387
5390
5393
5396
5399
5402
5405
5408
5411
5414
5417
5420
5423
5426
5429
5432
5463
5494
5497
5500
5503
5520
5523
5526
5529
5532
5535
5538
5541
5604
5607
5610
5613
5616
5619
5622
5625
5628
5631
5634
5637
5668
5671
5674
5677
5680
5683
5686
5689
5692
5695
5698
5701
5766
5779
5782
5785
5788
5791
5794
5797
5800
5803
5806
5809
5812
5815
5818
5821
5824
5827
5840
5843
5846
5849
5852
5855
5858
5885
5888
5891
5894
5901
5904
5907
5910
5913
5916
5919
5922
5931
5934
5937
5940
5943
5946
5949
5952
5955
5958
5961
5964
6007
6010
6013
6016
6019
6022
6025
6028
6055
6058
6061
6064
6093
6096
6099
6102
6105
6108
6111
6114
6117
6120
6123
6126
6129
6140
6203
6206
6209
6212
6215
6218
6221
6224
6227
6230
6233
6236
6271
6274
6277
6280
6283
6286
6289
6292
6295
6336
6339
6342
6371
6374
6377
6380
6383
6386
6389
6392
6429
6432
6435
6438
6441
6444
6447
6450
6453
6456
6459
6476
6479
6482
6485
6488
6547
6598
6613
6628
6635
6646
6653
6664
6667
6670
6673
6676
6713
6716
6753
6756
6759
6764
6767
6770
6773
6776
6791
6806
6821
6904
6919
6926
6933
6936
6939
6942
6945
6948
6951
6954
6957
6982
6985
6988
6991
6994
6997
7000
7003
7006
7009
7012
7015
7018
7021
7024
7027
7030
7033
7036
7039
7042
7045
7048
7051
7054
7071
7074
7077
7080
7083
7086
7089
7092
7095
7098
7133
7144
7147
7194
7197
7200
7203
7206
7209
7212
7215
7218
7237
7246
7249
7252
7255
7258
7261
7264
7267
7270
7279
7288
7291
7294
7297
7306
7309
7312
7315
7318
7321
7324
7327
7330
7333
7336
7339
7368
7371
7374
7377
7380
7383
7386
7389
7392
7395
7398
7401
7404
7479
7492
7495
7498
7529
7532
7535
7538
7541
7544
7547
7550
7553
7562
7569
7572
7575
7578
7581
7584
7587
7590
7593
7596
7599
7602
7605
7608
7611
7614
7617
7620
7623
7626
7629
7632
7635
7638
7641
7644
7647
7650
7653
7656
7659
7662
7665
7668
7671
7674
7685
7688
7691
7694
7697
7700
7703
7706
7709
7712
7715
7722
7725
7728
7747
7750
7753
7756
7759
7762
7765
7768
7779
7782
7785
7788
7791
7794
7797
7800
7803
7806
7809
7812
7815
7818
7821
7824
7887
7918
7921
7942
7945
7948
7951
7954
7957
7960
7963
7966
7979
7982
7985
7988
7991
7994
7997
8000
8003
8006
8009
8012
8015
8018
8021
8024
8027
8030
8033
8036
8039
8042
8045
8048
8051
8078
8081
8122
8125
8128
8131
8134
8137
8140
8143
8146
8149
8158
8161
8172
8175
8178
8181
8184
8187
8190
8193
8196
8199
8230
8267
8270
8273
8276
8279
8282
8285
8288
8291
8294
8297
8300
8309
8338
8341
8344
8347
8350
8353
8356
8359
8362
8383
8386
8389
8452
8455
8458
8461
8464
8467
8478
8481
8498
8501
8504
8507
8542
8545
8548
8551
8554
8557
8560
8571
8574
8577
8580
8583
8612
8615
8618
8621
8624
8627
8630
8633
8636
8639
8642
8645
8660
8663
8666
8669
8672
8679
8682
8685
8688
8691
8694
8697
8748
8751
8754
8757
8764
8767
8770
8773
8776
8779
8782
8785
8854
8857
8860
8867
8870
8873
8876
8879
8882
8885
8888
8891
8894
8973
8980
8983
8986
8989
8992
8995
8998
9001
9004
9007
9032
9039
9042
9045
9048
9051
9054
9057
9060
9063
9066
9069
9072
9079
9082
9085
9088
9091
9094
9097
9100
9103
9106
9109
9116
9119
9122
9125
9128
9131
9134
9137
9140
9143
9146
9153
9156
9159
9162
9165
9168
9171
9174
9177
9180
9183
9190
9193
9196
9199
9202
9205
9208
9211
9214
9217
9220
9243
9246
9249
9252
9255
9258
9261
9264
9267
9270
9273
9284
9287
9290
9293
9296
9299
9302
9305
9308
9311
9314
9321
9324
9327
9330
9333
9336
9339
9342
9345
9348
9351
9358
9361
9364
9367
9370
9373
9376
9379
9382
9385
9388
9395
9398
9401
9404
9407
9410
9413
9416
9419
9422
9425
9432
9435
9438
9441
9444
9447
9450
9453
9456
9459
9462
9465
9472
9475
9478
9481
9484
9487
9490
9493
9496
9499
9502
9509
9512
9515
9518
9521
9524
9527
9530
9533
9536
9539
9546
9549
9552
9555
9558
9561
9564
9567
9570
9579
9582
9589
9592
9651
9654
9657
9660
9663
9666
9669
9672
9681
9688
9691
9694
9697
9700
9703
9706
9709
9712
9715
9718
9725
9728
9731
9734
9737
9740
9743
9768
9789
9792
9795
9806
9809
9812
9815
9818
9821
9824
9827
9830
9833
9836
9843
9846
9849
9852
9855
9858
9861
9864
9867
9870
9873
9880
9883
9896
9899
9902
9905
9908
9911
9914
9917
9920
9927
9930
9933
9942
9945
9948
9951
9954
9957
9960
9963
9966
9973
9976
9979
9982
9985
9988
9991
9994
9997
10000
10003
10010
10013
10016
10019
10022
10025
10034
10037
10040
10043
10046
10053
10056
10059
10062
10065
10068
10071
10074
10077
10080
10083
10090
10093
10096
10099
10102
10105
10108
10111
10114
10117
10120
10127
10130
10133
10136
10139
10142
10145
10148
10151
10154
10157
10164
10167
10170
10173
10176
10179
10182
10185
10188
10191
10194
10201
10204
10207
10210
10213
10216
10219
10222
10225
10228
10231
10242
10245
10248
10251
10254
10257
10260
10263
10266
10269
10272
10279
10282
10285
10288
10291
10294
10297
10300
10303
10306
10309
10316
10319
10322
10325
10328
10331
10334
10337
10340
10343
10346
10349
10352
10355
10358
10361
10364
10367
10370
10373
10376
10379
10382
10385
10388
10391
10394
10397
10400
10403
10406
10409
10412
10415
10428
10431
10434
10437
10440
10443
10446
10449
10452
10455
10458
10469
10472
10475
10478
10481
10484
10505
10508
10511
10514
10517
10532
10553
10556
10559
10562
10565
10568
10571
10574
10577
10580
10583
10586
10589
10592
10595
10598
10601
10604
10607
10610
10613
10636
10639
10642
10645
10648
10651
10654
10657
10660
10663
10666
10679
10682
10685
10688
10691
10694
10697
10700
10703
10706
10709
10720
10723
10726
10729
10732
10735
10738
10741
10744
10747
10750
10767
10770
10773
10776
10779
10782
10785
10796
10807
10820
10823
10826
10829
10842
10861
10880
10941
10944
10955
10958
10961
10964
10967
11004
11007
11010
11013
11016
11019
11022
11025
11028
11031
11034
11051
11054
11057
11060
11063
11066
11069
11072
11075
11078
11081
11110
11113
11116
11119
11122
11125
11128
11131
11134
11137
11140
11161
11164
11167
11170
11173
11176
11179
11182
11185
11188
11191
11208
11211
11214
11217
11280
11283
11286
11289
11292
11295
11298
11321
11324
11327
11330
11333
11336
11339
11342
11345
11348
11351
11354
11357
11360
11363
11366
11369
11372
11393
11396
11399
11402
11419
11422
11425
11428
11431
11438
11441
11444
11447
11450
11453
11464
11467
11470
11473
11476
11479
11482
11485
11488
11491
11494
11497
11500
11503
11506
11509
11512
11515
11518
11521
11524
11527
11530
11543
11546
11549
11552
11555
11558
11561
11564
11567
11570
11573
11592
11615
11618
11621
11624
11627
11630
11633
11654
11657
11660
11673
11676
11679
11682
11685
11688
11691
11694
11697
11700
11703
11740
11743
11746
11749
11752
11755
11758
11761
11764
11767
11770
11785
11788
11791
11794
11797
11800
11803
11806
11809
11812
11815
11834
11837
11840
11843
11846
11849
11852
11855
11858
11861
11864
11895
11898
11901
11904
11907
11910
11913
11916
11919
11922
11925
11954
11957
11960
11963
11966
11969
11972
11975
11978
11981
11984
11987
11990
11993
11996
11999
12002
12005
12008
12011
12014
12017
12020
12031
12034
12037
12040
12043
12046
12049
12052
12055
12058
12061
12086
12089
12092
12095
12098
12101
12104
12107
12110
12113
12126
12145
12148
12151
12154
12157
12160
12163
12166
12169
12172
12175
12192
12195
12198
12201
12204
12207
12210
12213
12216
12219
12230
12241
12244
12247
12250
12253
12256
12259
12262
12265
12268
12271
12290
12293
12296
12299
12302
12305
12308
12311
12314
12317
12330
12355
12358
12361
12364
12367
12370
12373
12376
12379
12382
12385
12414
12417
12420
12423
12426
12429
12432
12435
12438
12441
12444
12473
12476
12479
12482
12485
12488
12491
12494
12497
12500
12503
12506
12509
12512
12515
12518
12521
12524
12527
12530
12593
12596
12599
12612
12615
12618
12621
12624
12627
12630
12633
12636
12639
12642
12653
12656
12659
12662
12665
12668
12671
12674
12677
12680
12683
12726
12729
12732
12735
12738
12741
12744
12747
12750
12753
12756
12771
12774
12777
12780
12783
12786
12789
12792
12795
12798
12801
12830
12833
12836
12839
12842
12845
12848
12851
12854
12857
12860
12883
12886
12889
12892
12901
12904
12907
12910
12913
12916
12919
12948
12951
12954
12957
12960
12963
12966
12969
12972
12975
12978
12981
12984
12987
12990
12993
12996
12999
13002
13005
13008
13011
13026
13029
13032
13035
13038
13041
13044
13047
13050
13053
13056
13081
13084
13087
13090
13093
13096
13099
13102
13105
13108
13111
13114
13117
13132
13135
13138
13141
13144
13147
13150
13153
13156
13159
13162
13175
13178
13181
13184
13187
13190
13193
13196
13199
13202
13205
13216
13219
13222
13225
13228
13231
13234
13237
13240
13243
13246
13269
13272
13275
13278
13281
13284
13287
13290
13293
13296
13299
13328
13331
13334
13337
13340
13343
13346
13349
13352
13355
13358
13361
13364
13367
13370
13373
13376
13379
13382
13385
13388
13391
13410
13413
13416
13419
13422
13425
13428
13431
13434
13437
13440
13447
13450
13453
13456
13459
13462
13465
13468
13471
13474
13477
13500
13503
13516
13529
13532
13535
13538
13541
13544
13547
13550
13565
13568
13571
13574
13577
13580
13583
13586
13589
13592
13595
13598
13617
13620
13623
13626
13629
13632
13635
13654
13657
13676
13679
13694
13697
13700
13703
13706
13709
13712
13715
13718
13721
13724
13735
13738
13741
13744
13747
13750
13769
13772
13775
13778
13781
13792
13795
13798
13801
13804
13807
13810
13813
13816
13819
13822
13845
13848
13851
13854
13867
13870
13873
13876
13879
13882
13885
13900
13903
13906
13909
13912
13915
13918
13921
13924
13927
13930
13957
13960
13963
13966
13969
13972
13975
13978
13981
13984
13987
13990
13993
13996
13999
14034
14037
14040
14057
14060
14063
14066
14077
14080
14083
14086
14089
14092
14095
14098
14101
14104
14107
14144
14147
14150
14153
14156
14159
14162
14165
14168
14171
14174
14177
14190
14193
14196
14199
14202
14205
14208
14211
14214
14229
14242
14259
14262
14265
14268
14271
14274
14277
14280
14283
14286
14289
14308
14311
14314
14317
14320
14323
14326
14329
14332
14335
14338
14361
14364
14367
14370
14373
14376
14379
14382
14385
14388
14391
14402
14405
14408
14411
14414
14417
14420
14423
14426
14429
14432
14445
14448
14451
14454
14457
14460
14463
14466
14469
14472
14475
14478
14481
14484
14487
14490
14493
14496
14499
14502
14505
14508
14535
14538
14541
14544
14547
14550
14553
14556
14559
14562
14565
14586
14589
14592
14595
14598
14601
14604
14607
14610
14613
14616
14635
14638
14641
14644
14647
14650
14653
14656
14659
14662
14665
14668
14687
14690
14693
14696
14699
14702
14705
14708
14711
14714
14717
14736
14739
14742
14759
14776
14779
14782
14785
14788
14791
14794
14809
14812
14815
14818
14821
14824
14827
14830
14833
14836
14839
14848
14851
14854
14857
14860
14863
14882
14885
14888
14891
14894
14897
14900
14903
14906
14909
14912
14915
14918
14921
14924
14927
14930
14933
14936
14939
14942
14945
14948
14951
14954
14957
14960
14975
14978
14981
14984
14987
14990
14993
14996
14999
15002
15005
15032
15035
15038
15041
15044
15047
15050
15053
15056
15059
15062
15097
15100
15103
15106
15109
15112
15115
15118
15121
15124
15127
15156
15159
15162
15165
15168
15171
15174
15177
15180
15183
15186
15189
15214
15217
15220
15223
15226
15229
15232
15235
15238
15241
15244
15247
15250
15253
15256
15259
15262
15265
15268
15271
15274
15277
15318
15321
15324
15327
15330
15333
15336
15339
15342
15345
15348
15375
15378
15381
15384
15387
15390
15397
15400
15403
15406
15409
15444
15447
15450
15453
15456
15459
15462
15465
15468
15471
15474
15511
15514
15517
15520
15523
15526
15529
15532
15535
15538
15547
15558
15561
15564
15567
15570
15573
15576
15579
15582
15585
15588
15611
15614
15617
15620
15623
15626
15635
15638
15641
15644
15647
15660
15663
15666
15669
15672
15675
15678
15681
15684
15687
15690
15715
15718
15721
15724
15727
15730
15733
15736
15739
15742
15745
15748
15825
15828
15831
15844
15847
15850
15853
15856
15859
15862
15865
15930
15933
15936
15939
15942
15945
15948
15951
15954
15957
15960
15973
15976
15979
15982
15985
15988
15991
15994
15997
16000
16003
16016
16019
16022
16025
16028
16031
16034
16037
16040
16043
16046
16065
16068
16071
16074
16077
16080
16083
16086
16089
16092
16095
16118
16121
16124
16127
16130
16133
16136
16139
16142
16145
16148
16167
16170
16173
16176
16179
16182
16185
16188
16191
16194
16197
16208
16211
16214
16217
16220
16223
16226
16229
16232
16235
16248
16285
16288
16307
16326
16329
16332
16335
16338
16341
16344
16347
16372
16375
16378
16381
16384
16387
16390
16393
16396
16399
16402
16405
16430
16433
16436
16439
16442
16445
16448
16451
16454
16457
16460
16487
16490
16493
16496
16499
16502
16505
16508
16511
16514
16517
16562
16565
16568
16571
16574
16577
16580
16583
16586
16589
16592
16595
16598
16601
16604
16607
16610
16613
16616
16619
16622
16625
16638
16641
16644
16647
16650
16653
16656
16659
16662
16665
16668
16683
16686
16689
16692
16695
16698
16701
16704
16707
16710
16713
16732
16735
16738
16741
16744
16747
16750
16753
16756
16759
16762
16789
16792
16795
16798
16801
16804
16807
16810
16813
16816
16819
16858
16861
16864
16867
16870
16873
16876
16879
16882
16885
16888
16917
16920
16923
16926
16929
16932
16935
16938
16941
16944
16947
16950
16953
16956
16959
16962
16965
16968
16971
16974
16977
16980
16983
16990
16993
16996
16999
17002
17005
17008
17011
17014
17017
17020
17041
17044
17047
17050
17053
17056
17059
17062
17065
17068
17071
17098
17101
17112
17115
17118
17121
17124
17127
17130
17133
17136
17155
17158
17161
17164
17167
17170
17183
17186
17189
17192
17195
17214
17217
17220
17223
17226
17229
17232
17235
17238
17241
17244
17267
17270
17273
17276
17279
17282
17285
17288
17291
17294
17297
17318
17321
17324
17327
17330
17333
17336
17339
17342
17345
17348
17369
17372
17375
17378
17381
17384
17387
17390
17393
17396
17399
17422
17425
17428
17431
17434
17437
17440
17443
17446
17449
17452
17455
17458
17461
17464
17467
17470
17473
17476
17479
17482
17485
17488
17507
17510
17513
17516
17519
17522
17525
17528
17531
17534
17537
17564
17567
17570
17573
17576
17579
17582
17585
17588
17591
17594
17623
17626
17629
17632
17645
17654
17657
17660
17663
17666
17685
17702
17705
17708
17729
17732
17735
17738
17741
17744
17747
17750
17773
17776
17779
17794
17797
17800
17803
17822
17825
17828
17831
17882
17885
17888
17891
17898
17901
17904
17907
17910
17913
17916
17953
17956
17959
17962
17965
17968
17971
17974
17977
17980
17993
18004
18007
18010
18031
18034
18043
18052
18061
18070
18079
18088
18091
18100
18109
18118
18127
18130
18139
18148
18151
18154
18157
18160
18209
18212
18215
18218
18221
18224
18227
18230
18233
18236
18253
18274
18277
18280
18283
18286
18289
18292
18295
18298
18301
18304
18319
18322
18325
18328
18331
18334
18337
18340
18343
18346
18349
18358
18361
18364
18367
18370
18373
18376
18379
18382
18385
18388
18409
18412
18415
18418
18421
18424
18427
18430
18433
18436
18439
18460
18463
18466
18469
18472
18475
18478
18481
18484
18487
18510
18533
18536
18539
18542
18545
18548
18551
18554
18557
18560
18563
18600
18603
18606
18609
18612
18615
18618
18621
18624
18627
18630
18667
18670
18673
18676
18679
18682
18685
18696
18699
18702
18705
18716
18719
18726
18729
18732
18755
18758
18761
18764
18767
18770
18773
18776
18801
18804
18807
18810
18813
18816
18819
18822
18825
18828
18831
18842
18845
18848
18851
18854
18857
18860
18863
18866
18869
18872
18901
18904
18907
18910
18913
18916
18919
18922
18925
18928
18931
18940
18943
18946
18949
18952
18955
18958
18961
18964
18967
18970
18987
19000
19003
19006
19009
19012
19015
19018
19021
19024
19027
19064
19067
19070
19073
19076
19079
19082
19085
19088
19091
19094
19097
19100
19103
19106
19109
19112
19115
19118
19121
19126
19129
19144
19147
19150
19153
19156
19159
19162
19165
19168
19171
19174
19219
19222
19225
19228
19231
19234
19237
19240
19243
19246
19249
19276
19279
19282
19285
19288
19291
19294
19297
19300
19303
19306
19309
19320
19337
19340
19343
19346
19349
19352
19355
19380
19383
19400
19423
19440
19443
19446
19449
19452
19455
19458
19461
19464
19467
19506
19509
19512
19515
19518
19521
19524
19527
19530
19545
19562
19599
19602
19605
19608
19611
19614
19617
19620
19623
19626
19629
19648
19651
19654
19657
19670
19673
19676
19679
19682
19685
19688
19699
19702
19705
19708
19711
19714
19717
19720
19723
19726
19729
19748
19751
19754
19757
19760
19763
19766
19769
19772
19775
19800
19811
19814
19831
19848
19851
19854
19857
19868
19901
19904
19927
19964
19967
19970
19973
19976
19979
19982
19985
19988
19991
19994
19997
20000
20003
20014
20017
20020
20023
20026
20029
20032
20035
20038
20049
20052
20055
20058
20061
20064
20067
20070
20087
20102
20105
20110
20113
20116
20119
20122
20125
20128
20131
20134
20137
20140
20155
20158
20161
20182
20185
20188
20191
20194
20197
20200
20203
20222
20225
20228
20231
20234
20237
20240
20243
20246
20263
20266
20281
20284
20287
20290
20293
20296
20299
20302
20305
20308
20311
20338
20341
20344
20347
20350
20353
20356
20359
20362
20365
20368
20393
20396
20399
20402
20405
20408
20411
20414
20417
20420
20423
20430
20433
20436
20439
20442
20445
20448
20451
20454
20457
20460
20505
20508
20511
20514
20517
20520
20523
20526
20529
20532
20535
20572
20599
20602
20605
20608
20611
20614
20617
20620
20623
20626
20629
20632
20635
20650
20653
20656
20659
20662
20699
20736
20751
20766
20781
20788
20791
20794
20797
20800
20803
20806
20809
20812
20815
20830
20833
20836
20839
20842
20845
20848
20851
20854
20857
20860
20863
20866
20869
20872
20875
20878
20881
20884
20887
20890
20893
20908
20911
20914
20917
20920
20923
20926
20929
20932
20935
20938
20955
20958
20961
20964
20967
20970
20973
20976
20979
20982
20985
21018
21021
21024
21055
21058
21061
21064
21067
21070
21073
21076
21107
21110
21121
21124
21127
21130
21133
21136
21139
21142
21145
21172
21175
21178
21181
21184
21187
21196
21199
21202
21205
21208
21231
21234
21237
21240
21243
21252
21255
21258
21261
21264
21267
21270
21273
21276
21279
21282
21285
21288
21291
21294
21297
21300
21303
21332
21335
21338
21341
21344
21347
21356
21359
21362
21365
21368
21383
21386
21389
21392
21395
21398
21401
21404
21407
21410
21413
21416
21419
21422
21425
21428
21431
21434
21437
21440
21443
21446
21451
21454
21457
21460
21463
21466
21469
21472
21475
21478
21481
21488
21491
21494
21515
21518
21521
21524
21527
21530
21533
21536
21539
21542
21545
21548
21551
21554
21577
21580
21583
21586
21589
21604
21607
21610
21613
21616
21619
21622
21625
21628
21631
21634
21671
21674
21677
21680
21683
21686
21689
21692
21695
21698
21701
21732
21735
21738
21741
21744
21747
21750
21753
21756
21759
21762
21765
21782
21785
21788
21791
21794
21797
21800
21803
21806
21809
21812
21835
21838
21841
21844
21847
21850
21853
21856
21865
21868
21871
21890
21893
21896
21899
21902
21905
21908
21911
21914
21917
21920
21967
21970
21973
21976
21979
21982
21985
21988
21991
21994
21997
22000
22003
22006
22009
22012
22015
22018
22021
22034
22047
22050
22055
22058
22061
22064
22067
22070
22073
22076
22079
22082
22085
22114
22117
22120
22123
22126
22129
22132
22135
22138
22141
22176
22203
22206
22209
22212
22215
22218
22221
22238
22241
22244
22247
22272
22291
22294
22297
22300
22303
22306
22309
22312
22315
22318
22333
22336
22339
22342
22345
22348
22351
22354
22357
22360
22363
22366
22389
22392
22395
22398
22405
22408
22411
22414
22417
22420
22423
22464
22467
22470
22473
22476
22479
22482
22485
22488
22491
22494
22497
22500
22503
22506
22509
22512
22515
22524
22527
22530
22533
22546
22549
22552
22555
22558
22561
22564
22567
22570
22573
22576
22605
22608
22611
22614
22617
22620
22623
22626
22629
22632
22635
22652
22655
22658
22661
22680
22683
22686
22689
22692
22695
22698
22703
22706
22709
22712
22715
22718
22721
22740
22743
22746
22749
22774
22777
22780
22801
22804
22807
22810
22825
22828
22847
22850
22863
22866
22869
22872
22879
22882
22885
22888
22891
22894
22897
22920
22923
22936
22939
22942
22963
22972
22975
22978
22981
22984
22987
23016
23019
23026
23029
23032
23035
23038
23041
23044
23047
23050
23053
23056
23059
23062
23065
23068
23071
23074
23097
23100
23103
23116
23119
23122
23125
23128
23131
23134
23137
23140
23143
23146
23159
23162
23165
23168
23171
23182
23185
23188
23191
23194
23197
23226
23229
23232
23235
23238
23241
23244
23247
23250
23253
23256
23277
23280
23283
23286
23289
23292
23295
23298
23301
23312
23317
23342
23351
23358
23365
23374
23381
23386
23391
23398
23401
23404
23409
23412
23415
23428
23431
23434
23437
23440
23443
23446
23449
23464
23467
23470
23473
23476
23479
23482
23485
23488
23491
23494
23509
23512
23515
23518
23521
23524
23527
23530
23533
23536
23539
23542
23575
23578
23581
23584
23587
23590
23597
23600
23603
23606
23609
23648
23651
23654
23657
23660
23663
23666
23669
23672
23675
23678
23691
23694
23697
23700
23703
23706
23709
23712
23715
23718
23721
23738
23741
23744
23747
23750
23753
23756
23759
23762
23765
23768
23771
23774
23777
23780
23783
23786
23789
23792
23795
23798
23801
23812
23815
23818
23821
23824
23827
23830
23833
23836
23839
23842
23867
23870
23873
23876
23879
23882
23885
23894
23897
23900
23903
23914
23917
23920
23923
23926
23929
23932
23935
23938
23941
23944
23949
23952
23955
23958
23961
23964
23967
23970
23973
23976
23979
24022
24025
24028
24031
24034
24037
24040
24043
24046
24049
24052
24055
24096
24099
24102
24105
24108
24111
24114
24117
24120
24123
24126
24153
24156
24159
24162
24165
24168
24171
24174
24177
24180
24183
24186
24189
24192
24195
24198
24201
24204
24217
24220
24223
24226
24237
24240
24243
24246
24249
24252
24255
24266
24269
24290
24293
24304
24307
24310
24313
24316
24319
24322
24325
24328
24331
24334
24337
24340
24343
24346
24349
24352
24355
24358
24361
24364
24367
24378
24381
24384
24387
24390
24393
24396
24399
24402
24405
24408
24419
24422
24425
24428
24431
24434
24437
24440
24443
24446
24449
24482
24485
24488
24491
24494
24497
24500
24503
24506
24509
24512
24517
24520
24551
24554
24557
24560
24563
24572
24575
24578
24581
24584
24587
24626
24629
24632
24635
24638
24641
24644
24647
24650
24653
24656
24681
24684
24687
24690
24693
24696
24705
24708
24711
24714
24717
24734
24737
24740
24743
24746
24749
24752
24755
24758
24761
24764
24779
24782
24785
24788
24791
24794
24797
24800
24803
24806
24809
24840
24843
24846
24849
24852
24855
24858
24861
24864
24867
24870
24915
24918
24921
24924
24927
24930
24933
24936
24939
24942
24945
24948
24951
24954
24957
24960
24963
24966
24969
24972
24975
24978
24985
24988
24991
24994
24997
25000
25003
25006
25009
25012
25015
25026
25029
25032
25035
25038
25041
25044
25047
25050
25057
25060
25067
25070
25073
25076
25079
25082
25085
25088
25101
25104
25107
25110
25115
25118
25121
25124
25127
25130
25133
25166
25169
25172
25175
25178
25195
25198
25201
25204
25207
25210
25213
25216
25219
25222
25249
25252
25255
25258
25261
25264
25267
25270
25273
25276
25285
25296
25299
25302
25305
25308
25311
25314
25317
25320
25323
25326
25365
25368
25371
25374
25377
25380
25383
25386
25389
25392
25395
25422
25425
25428
25431
25434
25437
25440
25443
25446
25449
25452
25479
25482
25485
25488
25491
25494
25497
25500
25503
25506
25509
25522
25525
25528
25531
25534
25537
25540
25543
25546
25549
25552
25591
25594
25597
25600
25603
25606
25609
25612
25615
25618
25621
25658
25661
25664
25667
25670
25673
25684
25687
25690
25693
25696
25699
25702
25705
25708
25711
25714
25727
25730
25739
25752
25755
25758
25763
25766
25769
25772
25775
25778
25781
25784
25787
25790
25793
25818
25821
25824
25827
25830
25833
25836
25839
25842
25845
25848
25873
25876
25879
25882
25885
25898
25901
25904
25907
25910
25913
25930
25933
25936
25939
25942
25945
25948
25951
25954
25957
25960
25993
25996
25999
26002
26005
26008
26011
26014
26017
26020
26023
26038
26041
26044
26047
26050
26053
26056
26059
26062
26065
26068
26089
26092
26095
26098
26101
26104
26107
26110
26113
26116
26119
26156
26159
26162
26165
26168
26171
26174
26177
26180
26197
26200
26227
26230
26233
26236
26239
26242
26245
26248
26251
26254
26265
26268
26287
26290
26293
26296
26299
26302
26305
26308
26311
26314
26317
26356
26359
26362
26365
26368
26377
26380
26383
26386
26389
26392
26397
26400
26403
26406
26409
26412
26415
26418
26421
26424
26427
26440
26443
26454
26457
26474
26485
26488
26491
26494
26525
26540
26563
26582
26595
26598
26601
26604
26607
26610
26613
26616
26619
26638
26641
26644
26647
26650
26653
26656
26659
26662
26665
26668
26697
26700
26703
26706
26709
26712
26715
26718
26721
26724
26727
26730
26733
26736
26739
26742
26745
26748
26763
26788
26791
26794
26809
26812
26815
26818
26821
26824
26827
26850
26853
26856
26859
26872
26875
26878
26881
26884
26887
26890
26893
26896
26899
26902
26905
26922
26925
26928
26931
26934
26937
26940
26943
26946
26949
26952
26985
26988
26991
26994
26997
27000
27003
27006
27009
27012
27015
27044
27047
27050
27053
27056
27059
27066
27069
27072
27075
27078
27083
27086
27089
27092
27095
27098
27101
27104
27107
27118
27121
27146
27149
27152
27155
27158
27161
27164
27167
27170
27173
27176
27179
27182
27185
27188
27191
27194
27197
27200
27203
27206
27209
27222
27225
27228
27231
27234
27237
27240
27243
27246
27249
27252
27271
27274
27277
27280
27283
27286
27289
27292
27295
27298
27323
27340
27343
27346
27349
27352
27355
27358
27361
27364
27367
27370
27399
27402
27405
27408
27411
27414
27417
27420
27423
27426
27429
27432
27435
27438
27457
27460
27473
27476
27479
27482
27485
27488
27491
27498
27501
27504
27513
27516
27519
27522
27527
27530
27541
27544
27561
27572
27575
27584
27599
27602
27605
27612
27649
27652
27663
27690
27693
27696
27699
27702
27705
27708
27711
27718
27721
27724
27727
27730
27733
27736
27739
27742
27745
27748
27763
27766
27769
27774
27791
27798
27801
27804
27807
27810
27823
27826
27829
27832
27859
27862
27865
27868
27871
27874
27877
27880
27883
27886
27889
27914
27917
27920
27923
27926
27929
27932
27935
27938
27941
27954
27991
28000
28003
28006
28009
28012
28015
28028
28031
28034
28037
28058
28061
28064
28067
28070
28073
28076
28079
28082
28085
28088
28091
28112
28115
28118
28121
28124
28127
28130
28133
28136
28139
28142
28173
28176
28179
28182
28185
28188
28191
28194
28197
28200
28203
28232
28235
28238
28241
28244
28247
28250
28253
28256
28259
28262
28279
28282
28285
28288
28291
28294
28297
28300
28303
28306
28309
28330
28333
28336
28339
28342
28345
28348
28351
28354
28357
28360
28383
28386
28389
28392
28395
28398
28401
28404
28407
28410
28413
28418
28421
28424
28427
28430
28433
28436
28439
28442
28445
28448
28463
28466
28469
28472
28475
28478
28481
28484
28487
28490
28493
28496
28499
28502
28505
28508
28511
28514
28517
28520
28523
28526
28557
28560
28563
28566
28569
28572
28575
28578
28581
28584
28587
28590
28607
28610
28613
28616
28619
28622
28625
28628
28631
28634
28637
28668
28671
28674
28677
28680
28683
28686
28689
28692
28695
28698
28745
28748
28751
28754
28757
28760
28763
28766
28769
28772
28775
28812
28815
28818
28821
28824
28827
28830
28833
28836
28839
28842
28845
28848
28851
28854
28857
28860
28863
28866
28869
28872
28875
28892
28895
28898
28901
28904
28907
28910
28913
28916
28919
28922
28945
28948
28951
28954
28957
28960
28963
28966
28969
28972
28975
28980
28983
28986
28989
28992
28995
28998
29001
29004
29007
29010
29035
29038
29041
29044
29047
29050
29053
29056
29059
29062
29065
29102
29105
29108
29111
29114
29117
29132
29139
29142
29145
29152
29155
29158
29161
29164
29175
29186
29189
29192
29195
29198
29201
29204
29233
29236
29239
29242
29245
29260
29275
29290
29293
29296
29299
29318
29321
29324
29327
29330
29333
29336
29339
29342
29345
29348
29367
29370
29373
29376
29379
29382
29385
29388
29391
29394
29397
29412
29415
29418
29421
29424
29427
29430
29433
29436
29439
29442
29453
29456
29459
29462
29465
29468
29471
29474
29477
29480
29483
29510
29513
29516
29519
29522
29525
29528
29531
29534
29537
29540
29559
29562
29565
29568
29571
29574
29577
29580
29583
29586
29589
29594
29629
29632
29635
29638
29641
29644
29647
29650
29653
29656
29671
29674
29677
29686
29689
29692
29695
29698
29701
29704
29707
29710
29719
29722
29725
29728
29731
29734
29737
29740
29743
29766
29769
29774
29777
29780
29783
29786
29789
29798
29801
29804
29807
29810
29819
29822
29825
29828
29831
29834
29837
29840
29843
29846
29849
29852
29855
29858
29861
29864
29885
29888
29891
29894
29897
29900
29929
29932
29935
29938
29941
29944
29947
29950
29953
29956
29959
29974
29977
29980
29983
29986
29989
29992
29995
29998
30001
30004
30023
30026
30029
30032
30035
30038
30041
30048
30095
30102
30109
30112
30119
30126
30133
30140
30147
30150
30157
30160
30163
30166
30169
30172
30175
30178
30181
30184
30187
30190
30193
30196
30199
30204
30207
30210
30213
30216
30219
30222
30225
30228
30231
30234
30237
30240
30249
30252
30255
30258
30261
30264
30267
30270
30273
30276
30279
30284
30287
30306
30309
30312
30315
30318
30321
30324
30327
30330
30333
30348
30351
30354
30357
30360
30391
30394
30419
30448
30469
30472
30475
30478
30481
30484
30487
30490
30493
30496
30499
30502
30515
30518
30521
30524
30527
30530
30533
30536
30539
30566
30569
30594
30597
30600
30603
30606
30609
30612
30615
30618
30621
30624
30627
30630
30633
30636
30639
30642
30645
30648
30651
30654
30657
30682
30685
30688
30691
30694
30697
30700
30703
30706
30709
30712
30725
30728
30731
30734
30737
30740
30743
30746
30749
30752
30755
30770
30773
30776
30779
30782
30785
30788
30791
30794
30797
30800
30839
30844
30847
30850
30853
30864
30867
30870
30873
30876
30879
30882
30899
30902
30905
30908
30911
30914
30917
30920
30923
30926
30929
30956
30959
30962
30965
30968
30971
30974
30977
30980
30983
30986
31023
31026
31037
31040
31043
31046
31049
31052
31055
31058
31061
31078
31081
31084
31087
31090
31093
31096
31099
31102
31105
31108
31131
31134
31137
31140
31143
31146
31149
31152
31155
31158
31161
31186
31189
31192
31195
31198
31201
31204
31207
31210
31213
31216
31229
31232
31235
31238
31241
31244
31247
31250
31253
31256
31259
31276
31279
31282
31285
31288
31291
31294
31297
31300
31303
31306
31319
31322
31325
31328
31331
31334
31337
31340
31343
31346
31349
31356
31369
31372
31375
31378
31381
31384
31387
31390
31393
31396
31399
31414
31417
31420
31423
31426
31429
31432
31435
31438
31441
31444
31459
31462
31465
31468
31471
31474
31477
31480
31483
31486
31489
31510
31513
31516
31519
31522
31525
31528
31531
31534
31537
31540
31563
31566
31569
31584
31587
31590
31593
31596
31599
31602
31605
31608
31611
31614
31617
31620
31623
31626
31629
31632
31651
31654
31667
31670
31673
31676
31679
31682
31685
31688
31691
31694
31697
31710
31713
31716
31719
31722
31725
31728
31731
31734
31737
31740
31753
31756
31759
31762
31765
31768
31771
31774
31777
31780
31783
31796
31799
31802
31805
31808
31811
31814
31817
31820
31823
31826
31835
31848
31851
31854
31857
31860
31863
31866
31869
31872
31875
31878
31883
31886
31889
31892
31895
31898
31901
31904
31907
31910
31913
31926
31929
31932
31935
31938
31941
31944
31947
31950
31953
31956
31969
31972
31975
31978
31981
31984
31987
31990
31993
31996
31999
32012
32015
32018
32021
32024
32027
32030
32033
32036
32039
32042
32045
32048
32051
32054
32075
32078
32081
32084
32087
32090
32093
32106
32109
32112
32115
32118
32121
32124
32127
32130
32133
32136
32149
32152
32155
32158
32161
32164
32167
32170
32173
32176
32179
32192
32195
32198
32201
32204
32207
32210
32213
32216
32219
32222
32235
32238
32241
32244
32247
32250
32253
32256
32259
32262
32265
32278
32285
32288
32291
32294
32297
32300
32303
32306
32309
32312
32315
32364
32367
32370
32373
32376
32379
32404
32407
32410
32413
32416
32421
32424
32427
32430
32433
32436
32439
32442
32501
32504
32507
32520
32523
32526
32535
32538
32541
32544
32547
32550
32553
32556
32569
32572
32575
32578
32581
32584
32587
32590
32615
32618
32639
32658
32661
32664
32667
32670
32673
32676
32679
32682
32685
32688
32703
32706
32709
32712
32715
32726
32729
32732
32735
32738
32741
32758
32771
32774
32777
32780
32783
32786
32789
32792
32795
32798
32811
32814
32817
32820
32823
32826
32829
32832
32835
32838
32841
32856
32859
32862
32865
32868
32871
32880
32883
32886
32889
32892
32895
32912
32915
32918
32921
32924
32927
32930
32933
32936
32939
32942
32945
32948
32951
32954
32957
32960
32963
32966
32969
32972
32975
32994
32997
33000
33003
33006
33009
33012
33015
33018
33021
33024
33029
33032
33035
33038
33041
33044
33047
33050
33053
33056
33059
33062
33065
33068
33071
33074
33077
33080
33083
33086
33089
33092
33141
33144
33147
33150
33153
33156
33159
33162
33165
33168
33171
33190
33193
33196
33199
33202
33205
33208
33211
33214
33217
33220
33235
33238
33241
33244
33247
33250
33253
33256
33259
33262
33265
33290
33293
33296
33299
33302
33305
33308
33311
33314
33317
33320
33323
33326
33329
33350
33353
33356
33359
33362
33383
33386
33389
33404
33409
33412
33415
33418
33421
33424
33427
33430
33433
33436
33439
33452
33455
33458
33461
33464
33467
33470
33473
33476
33479
33482
33495
33498
33501
33504
33507
33510
33513
33516
33519
33522
33525
33538
33541
33544
33547
33550
33553
33556
33559
33562
33565
33568
33571
33574
33577
33580
33583
33586
33589
33592
33595
33598
33601
33618
33621
33624
33635
33638
33649
33662
33675
33694
33713
33774
33801
33804
33815
33818
33821
33824
33827
33830
33833
33836
33839
33842
33845
33848
33851
33854
33857
33860
33863
33866
33869
33872
33875
33878
33881
33884
33887
33890
33893
33896
33899
33902
33905
33910
33913
33916
33919
33922
33925
33928
33931
33934
33937
33940
33943
33946
33949
33952
33955
33958
33961
33964
34027
34030
34033
34036
34039
34042
34045
34048
34051
34054
34057
34060
34063
34066
34069
34072
34075
34078
34081
34084
34087
34090
34093
34096
34099
34102
34105
34108
34111
34114
34117
34120
34123
34130
34133
34136
34139
34142
34145
34148
34151
34154
34157
34160
34163
34166
34169
34172
34189
34192
34195
34198
34201
34204
34207
34210
34213
34216
34219
34232
34235
34238
34257
34278
34281
34284
34287
34290
34293
34296
34309
34312
34315
34318
34321
34324
34327
34330
34333
34336
34339
34342
34345
34348
34351
34354
34357
34360
34363
34366
34369
34372
34375
34378
34381
34384
34387
34390
34393
34396
34399
34402
34405
34414
34419
34422
34425
34428
34431
34434
34437
34440
34443
34446
34449
34452
34455
34458
34461
34464
34467
34470
34473
34476
34479
34482
34485
34488
34491
34494
34497
34500
34503
34506
34509
34512
34515
34518
34521
34524
34527
34530
34533
34536
34539
34542
34545
34548
34551
34554
34557
34560
34563
34566
34569
34572
34575
34588
34591
34594
34597
34600
34603
34606
34609
34612
34615
34618
34621
34624
34627
34630
34633
34636
34639
34642
34645
34648
34651
34654
34657
34660
34663
34666
34669
34680
34683
34686
34689
34692
34695
34698
34701
34704
34707
34710
34713
34716
34719
34722
34725
34728
34731
34734
34737
34740
34753
34756
34759
34762
34765
34768
34771
34774
34777
34780
34783
34786
34789
34792
34795
34798
34801
34804
34807
34810
34815
34818
34821
34824
34827
34830
34833
34836
34839
34842
34845
34848
34851
34854
34857
34860
34863
34866
34869
34872
34875
34878
34881
34884
34887
34890
34893
34956
34959
34962
34965
34968
34971
34974
34977
34980
34983
34986
34989
34992
34995
34998
35001
35004
35007
35010
35013
35016
35019
35022
35025
35028
35031
35034
35037
35040
35043
35046
35049
35052
35055
35058
35061
35064
35067
35070
35073
35076
35079
35082
35085
35088
35091
35094
35097
35100
35103
35106
35109
35112
35115
35118
35121
35124
35127
35130
35133
35136
35139
35142
35145
35148
35151
35154
35157
35160
35163
35166
35169
35172
35175
35198
35201
35204
35207
35210
35213
35216
35219
35222
35225
35228
35269
35272
35275
35278
35281
35284
35287
35290
35293
35296
35299
35304
35307
35310
35313
35316
35319
35322
35325
35328
35331
35334
35357
35360
35363
35366
35369
35372
35375
35378
35381
35384
35387
35390
35393
35396
35399
35402
35405
35408
35411
35414
35417
35420
35423
35426
35429
35432
35435
35438
35441
35444
35447
35450
35453
35456
35459
35462
35465
35468
35471
35474
35477
35480
35483
35486
35489
35492
35495
35498
35501
35504
35507
35510
35513
35516
35519
35522
35525
35528
35531
35534
35537
35540
35543
35546
35549
35552
35555
35558
35561
35564
35567
35570
35573
35576
35579
35582
35585
35588
35591
35594
35597
35600
35603
35606
35609
35612
35615
35618
35621
35624
35627
35630
35633
35636
35639
35642
35645
35648
35651
35654
35657
35660
35663
35666
35669
35672
35675
35678
35681
35684
35687
35692
35695
35698
35701
35704
35707
35710
35713
35716
35719
35722
35725
35728
35731
35734
35737
35740
35743
35762
35765
35784
35787
35790
35793
35796
35799
35802
35805
35808
35811
35814
35817
35820
35823
35826
35829
35832
35835
35838
35841
35844
35847
35850
35869
35872
35875
35878
35881
35884
35887
35890
35893
35896
35899
35902
35905
35908
35911
35914
35917
35930
35933
35936
35939
35942
35945
35948
35951
35954
35957
35960
35963
35966
35969
35972
35975
35978
35981
35984
35987
35990
35993
35996
35999
36002
36005
36008
36011
36014
36017
36020
36023
36026
36029
36032
36035
36038
36041
36044
36047
36050
36053
36056
36059
36062
36065
36068
36071
36074
36077
36094
36097
36100
36103
36106
36109
36112
36115
36118
36121
36124
36127
36132
36135
36138
36141
36144
36147
36150
36153
36156
36159
36162
36165
36168
36171
36174
36177
36180
36183
36186
36189
36192
36195
36198
36201
36204
36207
36210
36213
36216
36219
36222
36225
36228
36231
36234
36237
36240
36243
36246
36249
36252
36255
36258
36261
36264
36267
36282
36295
36298
36301
36304
36307
36310
36313
36316
36319
36322
36325
36328
36331
36334
36337
36340
36343
36346
36349
36352
36355
36358
36361
36364
36367
36370
36373
36376
36379
36382
36385
36388
36391
36394
36397
36400
36403
36406
36409
36412
36415
36418
36421
36424
36427
36430
36433
36436
36439
36442
36445
36448
36451
36454
36457
36460
36463
36466
36469
36472
36475
36478
36481
36484
36487
36490
36493
36496
36499
36502
36505
36508
36511
36514
36517
36522
36525
36528
36531
36534
36537
36540
36543
36546
36549
36552
36555
36558
36561
36564
36567
36570
36573
36576
36579
36582
36585
36588
36591
36594
36597
36600
36603
36606
36609
36612
36615
36618
36621
36624
36627
36644
36647
36650
36653
36656
36659
36662
36665
36668
36671
36674
36677
36680
36683
36686
36689
36692
36695
36698
36701
36704
36707
36710
36713
36716
36719
36722
36725
36728
36731
36734
36737
36740
36743
36746
36749
36752
36755
36758
36761
36764
36767
36770
36773
36776
36779
36782
36785
36788
36791
36794
36797
36800
36803
36806
36809
36812
36815
36818
36821
36824
36827
36830
36833
36836
36839
36842
36845
36848
36851
36854
36857
36860
36863
36866
36869
36872
36875
36878
36881
36884
36887
36890
36893
36896
36899
36904
36907
36910
36913
36916
36919
36922
36925
36928
36931
36934
36937
36940
36943
36946
36949
36952
36955
36958
36961
36964
36967
36970
36989
36992
36995
36998
37001
37004
37007
37010
37013
37016
37019
37022
37025
37028
37031
37034
37037
37040
37043
37046
37049
37056
37059
37062
37065
37068
37071
37074
37077
37080
37083
37086
37089
37092
37095
37098
37101
37104
37107
37110
37113
37116
37119
37122
37125
37128
37131
37134
37137
37140
37143
37146
37149
37152
37155
37158
37161
37164
37167
37170
37173
37176
37183
37186
37189
37192
37195
37198
37201
37204
37207
37210
37213
37216
37219
37222
37225
37228
37231
37234
37237
37240
37243
37252
37255
37258
37261
37264
37267
37270
37273
37276
37279
37282
37285
37288
37291
37294
37297
37302
37305
37308
37311
37314
37317
37320
37323
37326
37329
37332
37335
37338
37341
37344
37347
37350
37353
37356
37359
37362
37365
37368
37381
37394
37397
37400
37403
37406
37409
37412
37415
37418
37423
37426
37429
37432
37435
37438
37441
37444
37447
37450
37453
37456
37459
37462
37465
37468
37471
37474
37477
37480
37483
37486
37489
37492
37495
37498
37501
37504
37507
37510
37513
37516
37519
37522
37525
37528
37531
37534
37537
37540
37543
37546
37549
37552
37555
37572
37575
37578
37581
37584
37587
37590
37593
37596
37599
37602
37625
37628
37631
37634
37637
37640
37643
37646
37649
37652
37655
37658
37661
37664
37677
37680
37683
37686
37689
37692
37711
37730
37733
37736
37739
37742
37745
37748
37751
37754
37757
37760
37763
37768
37771
37774
37777
37780
37783
37786
37789
37792
37795
37798
37801
37804
37807
37810
37813
37816
37819
37822
37825
37828
37831
37838
37841
37844
37847
37850
37853
37856
37859
37862
37865
37868
37871
37874
37877
37880
37883
37886
37889
37892
37895
37898
37901
37904
37907
37910
37913
37916
37919
37922
37925
37928
37931
37934
37937
37940
37943
37946
37949
37952
37955
37958
37961
37964
37967
37970
37973
37976
37979
37982
37985
37988
37991
37994
37997
38000
38003
38006
38009
38012
38015
38018
38021
38024
38027
38030
38033
38036
38039
38042
38045
38048
38051
38054
38057
38060
38063
38066
38069
38072
38075
38078
38081
38084
38087
38090
38093
38096
38099
38102
38105
38108
38111
38114
38117
38120
38123
38126
38129
38132
38135
38140
38143
38146
38149
38152
38155
38158
38161
38164
38167
38170
38207
38210
38213
38216
38219
38222
38225
38228
38231
38234
38237
38240
38243
38246
38249
38252
38255
38258
38261
38264
38267
38270
38273
38276
38279
38282
38285
38288
38291
38294
38297
38300
38303
38306
38309
38312
38315
38318
38321
38324
38327
38330
38333
38336
38339
38342
38345
38348
38351
38354
38357
38360
38363
38366
38369
38372
38375
38378
38381
38384
38387
38390
38393
38396
38399
38402
38405
38408
38411
38414
38417
38420
38423
38426
38429
38432
38435
38438
38441
38452
38455
38458
38461
38464
38467
38470
38473
38492
38495
38498
38501
38504
38507
38510
38513
38516
38519
38522
38525
38528
38531
38534
38537
38540
38543
38546
38559
38562
38565
38568
38571
38588
38593
38596
38599
38602
38605
38608
38611
38614
38617
38620
38623
38626
38629
38632
38635
38638
38641
38644
38647
38650
38653
38656
38659
38662
38665
38668
38671
38674
38677
38680
38683
38686
38689
38692
38695
38698
38701
38704
38707
38710
38713
38716
38719
38722
38725
38728
38731
38734
38737
38740
38743
38746
38749
38752
38755
38758
38761
38764
38767
38770
38773
38776
38779
38782
38785
38788
38813
38816
38819
38822
38825
38828
38831
38834
38837
38840
38843
38846
38849
38852
38855
38858
38861
38864
38881
38884
38887
38890
38893
38896
38899
38902
38905
38908
38911
38914
38917
38920
38923
38942
38945
38948
38951
38954
38957
38960
38963
38966
38969
38972
38975
38978
38995
38998
39001
39004
39007
39010
39013
39016
39029
39038
39041
39046
39049
39052
39055
39058
39061
39064
39067
39070
39073
39076
39125
39128
39131
39134
39137
39140
39143
39146
39149
39152
39155
39204
39207
39210
39213
39216
39219
39222
39225
39228
39231
39234
39237
39240
39255
39258
39261
39264
39267
39270
39273
39276
39279
39282
39285
39288
39291
39294
39297
39300
39303
39306
39309
39312
39315
39318
39321
39324
39327
39330
39333
39346
39359
39362
39365
39368
39371
39374
39377
39380
39383
39386
39395
39404
39413
39416
39419
39428
39437
39446
39455
39464
39473
39482
39491
39500
39509
39558
39561
39570
39579
39588
39597
39606
39615
39624
39633
39642
39649
39654
39663
39666
39675
39684
39693
39702
39711
39720
39729
39738
39763
39772
39781
39796
39799
39808
39817
39826
39835
39844
39853
39856
39865
39874
39883
39892
39895
39904
39913
39922
39931
39940
39943
39952
39961
39970
39979
39988
39991
40000
40009
40018
40027
40030
40039
40048
40057
40066
40075
40084
40087
40096
40105
40114
40117
40126
40135
40144
40153
40162
40171
40180
40183
40192
40201
40204
40213
40222
40231
40240
40249
40258
40267
40276
40279
40288
40291
40300
40309
40318
40327
40336
40345
40354
40363
40372
40375
40378
40387
40396
40405
40414
40423
40432
40441
40450
40459
40468
40471
40474
40483
40492
40501
40510
40519
40528
40537
40546
40555
40560
40563
40572
40575
40584
40593
40602
40611
40620
40629
40638
40647
40652
40661
40670
40673
40682
40691
40700
40709
40718
40727
40736
40785
40794
40803
40812
40815
40818
40821
40830
40839
40848
40857
40860
40869
40878
40887
40896
40905
40914
40917
40926
40935
40944
40947
40956
40965
40974
40983
40992
41001
41010
41013
41022
41031
41034
41043
41052
41061
41070
41079
41088
41097
41106
41109
41118
41121
41130
41139
41148
41157
41166
41175
41184
41193
41202
41205
41208
41217
41226
41235
41244
41253
41262
41271
41280
41289
41298
41301
41304
41313
41322
41331
41340
41349
41358
41367
41376
41385
41388
41397
41400
41409
41418
41427
41436
41445
41454
41463
41472
41479
41482
41491
41500
41503
41512
41521
41530
41539
41548
41557
41566
41569
41578
41587
41596
41599
41608
41617
41626
41635
41644
41653
41658
41667
41676
41685
41694
41697
41706
41715
41724
41733
41742
41745
41754
41763
41772
41781
41790
41793
41796
41805
41814
41823
41826
41835
41844
41853
41862
41871
41880
41889
41892
41901
41910
41913
41922
41931
41940
41949
41958
41967
41976
41985
41988
41997
42000
42009
42018
42027
42036
42045
42054
42063
42072
42081
42084
42087
42096
42105
42114
42123
42132
42141
42150
42159
42168
42177
42180
42183
42192
42201
42210
42219
42228
42237
42246
42255
42264
42277
42286
42289
42298
42307
42316
42325
42334
42343
42352
42361
42364
42367
42376
42385
42388
42397
42406
42415
42424
42433
42442
42451
42456
42465
42474
42483
42486
42495
42504
42513
42522
42531
42540
42543
42552
42561
42570
42579
42582
42591
42600
42609
42618
42627
42630
42639
42648
42657
42666
42675
42678
42687
42696
42705
42714
42717
42726
42735
42744
42753
42762
42771
42774
42777
42786
42795
42798
42807
42816
42825
42834
42843
42852
42861
42870
42873
42882
42885
42894
42903
42912
42921
42930
42939
42948
42957
42966
42969
42972
42981
42990
42999
43008
43017
43026
43035
43044
43053
43062
43065
43068
43077
43086
43095
43104
43113
43122
43131
43140
43149
43154
43163
43166
43175
43184
43193
43202
43211
43220
43229
43238
43241
43244
43253
43262
43265
43274
43283
43292
43301
43310
43319
43328
43331
43340
43349
43358
43361
43370
43379
43388
43397
43406
43415
43418
43427
43436
43445
43454
43457
43466
43475
43484
43493
43502
43505
43514
43523
43532
43541
43550
43553
43562
43571
43580
43589
43592
43601
43610
43619
43628
43637
43646
43649
43658
43667
43676
43679
43688
43697
43706
43715
43724
43733
43742
43745
43748
43757
43760
43769
43778
43787
43796
43805
43814
43823
43832
43841
43844
43847
43856
43865
43874
43883
43892
43901
43910
43919
43928
43937
43940
43943
43952
43961
43970
43979
43988
43997
44006
44015
44024
44029
44038
44041
44050
44059
44068
44077
44086
44095
44104
44113
44130
44133
44142
44151
44154
44163
44172
44181
44190
44199
44208
44217
44220
44229
44238
44247
44250
44259
44268
44277
44286
44295
44304
44307
44316
44325
44334
44343
44346
44355
44364
44373
44382
44391
44394
44403
44412
44421
44430
44439
44442
44451
44460
44469
44478
44481
44490
44499
44508
44517
44526
44535
44538
44547
44556
44565
44568
44577
44586
44595
44604
44613
44622
44631
44634
44643
44652
44655
44664
44673
44682
44691
44700
44709
44718
44727
44730
44733
44736
44745
44754
44763
44772
44781
44790
44799
44808
44817
44826
44829
44832
44841
44850
44853
44856
44859
44862
44865
44868
44871
44874
44877
44880
44883
44886
44889
44892
44895
44898
44901
44904
44923
44926
44929
44938
44947
44956
44965
44974
44983
44992
44995
45004
45007
45016
45025
45034
45043
45052
45061
45070
45079
45088
45091
45094
45103
45112
45121
45130
45139
45148
45157
45166
45175
45184
45187
45190
45199
45208
45217
45226
45235
45244
45253
45262
45271
45274
45283
45286
45295
45304
45313
45322
45331
45340
45349
45358
45361
45370
45379
45382
45391
45400
45409
45418
45427
45436
45445
45448
45457
45466
45475
45478
45487
45496
45505
45514
45523
45532
45537
45546
45555
45564
45573
45576
45579
45588
45597
45606
45615
45618
45627
45636
45645
45654
45663
45672
45675
45684
45693
45702
45711
45720
45729
45738
45747
45756
45765
45774
45777
45786
45795
45804
45807
45816
45825
45834
45843
45852
45861
45870
45879
45882
45891
45894
45903
45912
45921
45930
45939
45948
45957
45966
45969
45972
45975
45978
45981
45984
45987
45990
45993
45996
46013
46016
46019
46022
46025
46028
46031
46034
46037
46040
46043
46046
46049
46052
46055
46068
46071
46074
46077
46080
46083
46086
46089
46092
46095
46098
46101
46104
46107
46110
46113
46116
46119
46122
46125
46128
46131
46134
46137
46140
46143
46146
46149
46152
46155
46158
46161
46166
46169
46172
46179
46182
46205
46208
46211
46214
46217
46220
46225
46228
46231
46234
46237
46240
46243
46246
46249
46252
46255
46260
46263
46266
46269
46272
46275
46278
46325
46328
46331
46334
46337
46342
46345
46348
46351
46354
46357
46360
46363
46366
46383
46386
46389
46392
46395
46398
46401
46404
46407
46410
46413
46416
46419
46422
46425
46428
46431
46434
46437
46440
46443
46446
46449
46452
46455
46458
46461
46464
46467
46470
46473
46476
46479
46482
46485
46490
46493
46496
46499
46502
46505
46508
46511
46514
46517
46520
46523
46526
46529
46532
46535
46538
46541
46544
46547
46550
46553
46556
46559
46562
46565
46568
46571
46574
46577
46580
46583
46586
46589
46592
46595
46598
46601
46604
46607
46610
46613
46616
46619
46622
46625
46628
46631
46634
46637
46640
46643
46646
46649
46652
46657
46660
46663
46666
46669
46672
46675
46678
46681
46684
46687
46690
46693
46698
46701
46704
46707
46710
46713
46716
46719
46722
46725
46728
46733
46736
46739
46742
46745
46748
46751
46754
46757
46760
46763
46766
46769
46772
46775
46778
46781
46784
46787
46790
46793
46796
46801
46804
46807
46810
46813
46816
46819
46822
46825
46828
46831
46836
46839
46842
46845
46848
46851
46854
46857
46860
46863
46866
46871
46874
46877
46880
46883
46886
46889
46892
46895
46898
46901
46906
46909
46912
46915
46918
46921
46930
46933
46936
46939
46942
46945
46948
46951
46986
46989
46992
47025
47028
47035
47042
47049
47052
47057
47060
47067
47070
47075
47078
47081
47084
47097
47112
47121
47124
47127
47144
47153
47164
47167
47176
47183
47192
47201
47204
47207
47214
47217
47228
47239
47260
47263
47268
47271
47274
47277
47286
47289
47292
47295
47298
47301
47312
47315
47318
47321
47324
47327
47330
47333
47336
47343
47346
47349
47352
47355
47358
47361
47370
47373
47376
47379
47382
47385
47388
47391
47394
47397
47400
47431
47440
47443
47446
47449
47452
47455
47458
47461
47470
47473
47476
47479
47482
47485
47488
47491
47494
47497
47500
47509
47512
47515
47518
47521
47524
47535
47538
47559
47562
47565
47574
47577
47580
47583
47586
47589
47592
47595
47598
47601
47604
47607
47616
47629
47632
47635
47638
47641
47644
47647
47650
47653
47656
47661
47668
47677
47680
47683
47686
47689
47692
47695
47698
47701
47704
47707
47710
47719
47722
47725
47728
47731
47740
47743
47746
47749
47752
47755
47758
47767
47770
47773
47776
47779
47782
47785
