0
3
14
25
34
47
82
95
110
117
124
127
136
143
150
159
166
181
190
195
210
217
224
233
244
255
272
287
294
313
322
327
340
349
354
361
370
377
392
403
414
431
438
445
454
463
470
479
486
497
502
521
528
537
550
553
560
575
586
595
606
629
642
667
680
693
706
719
734
749
764
779
798
813
828
847
864
881
896
905
914
923
934
953
966
977
1000
1021
1038
1045
1054
1063
1070
1079
1088
1101
1116
1125
1134
1143
1160
1169
1180
1187
1200
1209
1226
1229
1254
1275
1278
1293
1308
1329
1340
1351
1384
1413
1428
1445
1464
1485
1512
1529
1532
1571
1582
1585
1604
1613
1622
1633
1650
1663
1688
1707
1710
1725
1754
1767
1770
1773
1788
1797
1808
1817
1840
1865
1876
1895
1898
1933
1948
1969
1974
1991
2008
2025
2044
2047
2066
2091
2112
2147
2168
2191
2212
2215
2238
2259
2274
2291
2300
2303
2312
2341
2364
2379
2398
2413
2434
2443
2462
2483
2502
2527
2560
2589
2606
2623
2642
2657
2666
2681
2704
2725
2746
2769
2792
2819
2842
2863
2888
2901
2924
2947
2968
2991
3014
3037
3060
3087
3110
3133
3140
3163
3186
3209
3234
3243
3262
3281
3296
3351
3368
3379
3388
3405
3422
3439
3456
3481
3500
3523
3544
3563
3618
3633
3662
3675
3692
3709
3726
3745
3758
3787
3814
3841
3850
3921
3940
3943
3984
4003
4022
4041
4072
4097
4112
4119
4122
4155
4166
4173
4192
4195
4198
4219
4222
4243
4250
4263
4284
4287
4342
4353
4370
4387
4406
4423
4448
4451
4468
4487
4504
4523
4578
4595
4614
4631
4644
4647
4658
4675
4692
4713
4738
4807
4816
4841
4860
4875
4890
4901
4912
4927
4950
4973
4996
5027
5050
5073
5096
5119
5134
5157
5178
5199
5222
5245
5268
5327
5350
5371
5394
5409
5422
5445
5466
5489
5514
5531
5552
5595
5618
5643
5660
5669
5688
5709
5732
5753
5774
5793
5812
5831
5860
5883
5892
5911
5936
5961
5978
5997
6016
6033
6048
6081
6116
6129
6146
6163
6180
6199
6222
6241
6258
6283
6298
6315
6324
6369
6384
6391
6412
6417
6434
6437
6440
6455
6458
6473
6476
6479
6510
6525
6540
6543
6570
6573
6576
6579
6594
6597
6624
6627
6630
6633
6636
6655
6678
6695
6722
6729
6742
6763
6772
6797
6812
6825
6828
6847
6864
6889
6900
6923
6942
6997
7018
7041
7044
7061
7080
7095
7114
7123
7144
7153
7168
7237
7246
7255
7264
7275
7304
7329
7338
7369
7394
7397
7400
7431
7434
7453
7466
7485
7504
7511
7522
7541
7544
7547
7550
7553
7560
7589
7598
7639
7642
7651
7654
7657
7668
7671
7690
7715
7722
7755
7774
7787
7796
7813
7842
7859
7880
7905
7922
7929
7938
7941
7970
7979
8002
8025
8034
8057
8072
8087
8092
8107
8122
8137
8148
8151
8154
8157
8168
8175
8182
8199
8222
8225
8234
8247
8264
8279
8300
8309
8326
8329
8342
8351
8358
8369
8378
8389
8398
8405
8414
8425
8436
8447
8454
8461
8468
8475
8488
8497
8504
8515
8526
8543
8558
8561
8568
8585
8600
8607
8616
8635
8648
8661
8668
8681
8690
8699
8710
8719
8736
8739
8748
8755
8766
8777
8780
8789
8796
8801
8810
8819
8824
8835
8844
8853
8858
8865
8874
8883
8892
8899
8910
8921
8930
8939
8946
8959
8964
8973
8978
8985
8996
9005
9012
9021
9032
9045
9056
9063
9070
9075
9088
9093
9102
9109
9120
9131
9138
9151
9160
9177
9184
9197
9204
9213
9240
9249
9258
9269
9286
9289
9300
9313
9320
9329
9344
9353
9360
9363
9376
9383
9394
9397
9408
9411
9418
9427
9438
9451
9462
9465
9474
9485
9492
9495
9500
9509
9524
9533
9546
9551
9558
9561
9564
9585
9596
9607
9614
9621
9624
9633
9636
9643
9652
9663
9670
9679
9686
9693
9702
9713
9722
9737
9752
9775
9778
9787
9796
9813
9816
9827
9836
9853
9866
9873
9886
9889
9900
9911
9920
9937
9946
9955
9970
9979
9990
10007
10016
10025
10032
10039
10048
10057
10064
10071
10078
10089
10100
10117
10124
10131
10138
10145
10154
10161
10170
10179
10188
10197
10218
10229
10240
10249
10258
10271
10278
10291
10298
10315
10318
10321
10328
10335
10346
10357
10366
10379
10388
10397
10410
10427
10436
10457
10506
10523
10532
10541
10548
10557
10574
10587
10604
10613
10624
10637
10644
10661
10678
10685
10702
10711
10720
10727
10734
10743
10748
10757
10762
10771
10778
10785
10800
10817
10820
10829
10840
10851
10868
10887
10896
10903
10926
10931
10936
10943
10950
10959
10968
10975
10982
10997
11012
11021
11028
11043
11054
11065
11074
11089
11104
11115
11122
11127
11134
11147
11152
11157
11162
11177
11192
11205
11218
11227
11236
11243
11252
11261
11268
11277
11286
11297
11308
11317
11326
11337
11346
11357
11374
11389
11400
11407
11422
11433
11444
11457
11470
11479
11488
11497
11508
11525
11534
11541
11550
11561
11570
11583
11592
11609
11630
11647
11658
11669
11680
11687
11698
11709
11720
11727
11738
11747
11756
11771
11778
11785
11794
11799
11806
11813
11832
11849
11856
11869
11886
11903
11914
11933
11940
11951
11960
11969
11980
11993
12010
12023
12036
12047
12060
12065
12070
12077
12086
12091
12102
12111
12128
12145
12152
12159
12170
12191
12204
12215
12278
12295
12306
12315
12332
12349
12356
12365
12378
12389
12396
12403
12412
12421
12430
12441
12452
12465
12478
12485
12492
12499
12506
12513
12530
12541
12548
12555
12562
12569
12578
12587
12596
12611
12620
12629
12638
12659
12668
12677
12686
12695
12704
12713
12728
12737
12746
12761
12770
12781
12788
12809
12830
12839
12842
12851
12854
12857
12874
12877
12886
12891
12940
12945
12954
12963
12972
12981
12994
13007
13024
13027
13030
13033
13040
13043
13054
13065
13082
13099
13116
13129
13146
13161
13180
13197
13202
13211
13220
13235
13252
13269
13276
13281
13290
13299
13308
13317
13326
13335
13344
13353
13362
13375
13390
13399
13412
13423
13442
13459
13472
13481
13490
13501
13512
13523
13534
13543
13554
13565
13580
13589
13628
13643
13652
13663
13672
13681
13696
13709
13726
13737
13744
13753
13756
13765
13776
13785
13794
13803
13812
13821
13848
13851
13858
13871
13884
13895
13916
13927
13940
13957
13966
13971
13980
13987
13998
14005
14012
14029
14048
14063
14080
14091
14100
14111
14118
14127
14136
14143
14150
14157
14168
14179
14186
14199
14210
14219
14230
14243
14248
14255
14262
14265
14268
14271
14282
14291
14298
14311
14326
14341
14354
14367
14384
14393
14402
14407
14412
14419
14426
14435
14442
14449
14468
14487
14512
14537
14546
14555
14570
14583
14588
14593
14610
14627
14636
14653
14670
14683
14696
14707
14716
14725
14734
14743
14752
14769
14786
14795
14804
14813
14822
14827
14834
14849
14864
14871
14886
14901
14916
14931
14946
14961
14976
15015
15030
15037
15040
15053
15062
15069
15074
15083
15092
15119
15138
15147
15154
15163
15172
15177
15180
15189
15192
15205
15214
15227
15240
15253
15266
15279
15292
15299
15316
15325
15338
15347
15356
15369
15382
15391
15402
15411
15418
15425
15438
15459
15470
15479
15492
15497
15512
15521
15534
15543
15556
15569
15576
15585
15592
15603
15610
15617
15622
15629
15636
15643
15650
15657
15662
15669
15678
15685
15694
15705
15712
15721
15730
15739
15746
15763
15772
15783
15798
15807
15814
15819
15836
15847
15856
15873
15882
15889
15904
15907
15914
15923
15944
15959
15964
15977
15986
15999
16004
16013
16022
16029
16046
16059
16064
16083
16094
16103
16106
16115
16124
16137
16142
16149
16158
16169
16174
16181
16186
16193
16200
16217
16224
16233
16242
16255
16266
16273
16280
16293
16298
16307
16310
16319
16328
16337
16344
16353
16364
16381
16396
16413
16426
16431
16442
16449
16460
16475
16488
16493
16500
16505
16512
16517
16522
16531
16546
16551
16562
16567
16578
16583
16594
16601
16614
16619
16630
16635
16648
16659
16664
16677
16692
16705
16714
16721
16726
16737
16748
16763
16768
16779
16784
16791
16796
16801
16806
16811
16818
16831
16842
16847
16860
16873
16878
16887
16900
16905
16914
16919
16928
16941
16946
16959
16964
16977
16982
16995
17000
17017
17022
17025
17042
17049
17056
17065
17078
17085
17090
17103
17108
17113
17128
17133
17140
17151
17166
17171
17184
17189
17202
17207
17212
17225
17236
17245
17252
17259
17264
17271
17284
17289
17294
17297
17310
17317
17322
17339
17346
17359
17364
17373
17378
17391
17408
17413
17420
17427
17440
17445
17452
17465
17470
17483
17488
17493
17500
17505
17518
17523
17528
17543
17552
17557
17562
17567
17572
17581
17594
17599
17604
17619
17632
17637
17644
17651
17658
17663
17676
17689
17702
17717
17730
17735
17742
17755
17760
17767
17772
17777
17790
17795
17800
17813
17818
17823
17836
17853
17868
17877
17882
17889
17902
17907
17912
17917
17930
17935
17942
17945
17950
17955
17960
17967
17980
17985
17990
18005
18010
18015
18028
18033
18038
18043
18058
18065
18086
18093
18100
18107
18128
18137
18148
18153
18172
18181
18192
18199
18210
18219
18226
18235
18242
18247
18252
18259
18274
18281
18288
18301
18308
18321
18332
18341
18348
18353
18370
18377
18384
18409
18424
18437
18444
18453
18466
18485
18528
18541
18548
18563
18580
18599
18612
18633
18650
18653
18670
18675
18682
18691
18704
18723
18740
18755
18762
18783
18794
18811
18816
18823
18832
18843
18858
18877
18896
18907
18926
18939
18952
18957
18974
18977
18984
18995
19002
19011
19020
19027
19038
19051
19066
19071
19084
19093
19108
19119
19126
19133
19144
19155
19160
19165
19170
19179
19194
19211
19228
19249
19258
19269
19272
19283
19294
19299
19310
19321
19336
19349
19372
19387
19404
19411
19426
19441
19446
19453
19462
19473
19484
19497
19502
19513
19518
19523
19530
19535
19542
19549
19566
19585
19596
19607
19628
19643
19662
19683
19688
19703
19716
19729
19746
19755
19776
19787
19792
19811
19822
19827
19838
19847
19858
19875
19882
19897
19918
19923
19944
19961
19986
19995
20006
20023
20038
20049
20060
20079
20090
20105
20126
20131
20148
20155
20170
20185
20202
20239
20246
20259
20270
20289
20294
20307
20316
20333
20344
20359
20374
20387
20402
20417
20428
20433
20436
20459
20478
20497
20508
20519
20540
20551
20570
20589
20602
20611
20622
20633
20648
20669
20686
20701
20716
20733
20742
20759
20770
20779
20790
20799
20818
20843
20856
20863
20874
20887
20900
20913
20936
20951
20966
20975
20984
20995
21004
21017
21026
21039
21050
21067
21076
21091
21108
21123
21142
21151
21162
21169
21178
21183
21190
21199
21216
21223
21232
21247
21266
21277
21292
21305
21316
21333
21348
21361
21378
21389
21406
21419
21436
21449
21466
21479
21490
21509
21522
21533
21550
21563
21576
21589
21602
21621
21638
21651
21670
21681
21696
21711
21716
21723
21734
21745
21756
21771
21782
21789
21800
21811
21820
21831
21834
21837
21840
21849
21858
21865
21868
21871
21874
21877
21894
21909
21914
21929
21938
21955
21968
21983
22000
22007
22026
22033
22044
22061
22070
22079
22090
22099
22110
22121
22138
22153
22156
22165
22188
22191
22206
22223
22236
22241
22250
22261
22278
22291
22294
22305
22308
22317
22328
22341
22350
22359
22368
22379
22388
22401
22410
22419
22428
22439
22452
22463
22474
22491
22500
22517
22528
22543
22560
22567
22580
22595
22608
22617
22624
22635
22650
22671
22680
22701
22716
22733
22744
22759
22780
22795
22808
22823
22840
22853
22866
22877
22892
22905
22912
22929
22944
22955
22958
22969
22982
22999
23012
23027
23060
23071
23080
23093
23106
23125
23138
23141
23156
23171
23188
23197
23208
23231
23240
23253
23266
23279
23290
23303
23310
23323
23340
23347
23362
23371
23376
23389
23416
23441
23460
23483
23502
23523
23530
23537
23556
23563
23570
23583
23596
23611
23614
23621
23624
23633
23650
23667
23678
23687
23704
23717
23728
23737
23756
23769
23778
23791
23804
23821
23828
23837
23844
23853
23864
23871
23878
23887
23896
23903
23912
23929
23940
23951
23958
23975
23992
23997
24010
24017
24026
24035
24048
24065
24082
24093
24102
24111
24120
24133
24150
24159
24166
24173
24184
24191
24202
24217
24224
24233
24246
24255
24276
24291
24306
24323
24338
24353
24362
24377
24386
24397
24408
24415
24426
24437
24446
24471
24482
24491
24504
24513
24530
24547
24560
24567
24572
24579
24586
24597
24606
24619
24630
24651
24664
24673
24686
24695
24704
24715
24728
24735
24744
24753
24760
24775
24784
24791
24808
24817
24824
24831
24844
24853
24856
24865
24880
24889
24900
24907
24910
24915
24922
24929
24938
24951
24964
24977
24988
25001
25010
25021
25028
25035
25038
25047
25054
25063
25072
25083
25096
25103
25110
25117
25124
25131
25140
25149
25164
25173
25184
25195
25206
25223
25226
25235
25244
25251
25258
25265
25274
25281
25288
25295
25302
25309
25316
25323
25332
25339
25346
25355
25364
25371
25378
25387
25394
25401
25408
25415
25428
25435
25446
25453
25460
25465
25490
25497
25510
25539
25548
25561
25570
25581
25590
25603
25610
25619
25626
25637
25646
25655
25666
25677
25698
25715
25732
25741
25750
25757
25764
25775
25784
25793
25798
25805
25822
25831
25844
25855
25868
25877
25888
25897
25906
25913
25920
25933
25940
25947
25956
25965
25972
25985
25994
26007
26014
26021
26038
26047
26052
26059
26068
26075
26084
26091
26098
26105
26110
26127
26130
26137
26142
26149
26162
26171
26174
26181
26188
26195
26212
26223
26228
26239
26248
26255
26262
26271
26284
26297
26306
26317
26324
26333
26346
26353
26360
26367
26388
26397
26414
26421
26438
26447
26454
26463
26470
26477
26496
26509
26522
26533
26542
26559
26568
26573
26584
26591
26598
26603
26610
26615
26624
26633
26642
26653
26670
26679
26686
26693
26710
26717
26724
26731
26736
26743
26750
26761
26768
26775
26784
26791
26798
26809
26818
26829
26838
26853
26916
26927
26934
26947
26950
26953
26970
26975
26980
26987
27000
27015
27020
27025
27032
27039
27046
27055
27064
27069
27074
27089
27104
27109
27114
27119
27126
27131
27142
27149
27152
27165
27176
27187
27194
27203
27214
27217
27226
27229
27246
27255
27262
27271
27286
27295
27304
27313
27322
27335
27346
27359
27368
27381
27390
27405
27414
27429
27440
27453
27466
27479
27484
27495
27504
27511
27522
27527
27536
27545
27556
27567
27576
27587
27606
27613
27620
27633
27640
27645
27650
27657
27664
27671
27676
27687
27700
27713
27724
27739
27766
27779
27792
27805
27818
27831
27836
27841
27848
27853
27872
27887
27894
27901
27908
27915
27924
27933
27938
27943
27952
27965
27974
27979
27992
27999
28006
28013
28024
28035
28044
28053
28070
28077
28088
28097
28110
28113
28116
28123
28132
28143
28154
28171
28180
28187
28194
28201
28214
28221
28230
28237
28242
28247
28264
28271
28276
28281
28286
28293
28308
28315
28324
28333
28340
28357
28366
28375
28388
28401
28412
28423
28438
28451
28464
28481
28492
28503
28512
28531
28538
28547
28556
28563
28574
28583
28592
28605
28614
28627
28638
28651
28666
28681
28694
28707
28718
28727
28742
28753
28762
28771
28780
28789
28798
28809
28820
28827
28834
28845
28860
28871
28882
28895
28908
28917
28924
28945
28966
28971
28980
28999
29006
29017
29024
29031
29048
29067
29090
29095
29108
29123
29142
29151
29168
29181
29200
29219
29240
29247
29252
29265
29284
29303
29322
29345
29364
29377
29390
29399
29412
29425
29434
29439
29486
29491
29504
29513
29524
29533
29546
29555
29566
29577
29584
29603
29606
29609
29612
29615
29618
29625
29628
29631
29646
29649
29660
29663
29666
29669
29672
29675
29678
29687
29706
29709
29712
29723
29726
29729
29732
29735
29738
29741
29744
29751
29754
29763
29778
29787
29794
29807
29814
29823
29840
29847
29854
29865
29876
29887
29894
29901
29908
29915
29928
29941
29952
29959
29962
29969
29980
29991
30000
30003
30008
30021
30034
30041
30050
30059
30068
30077
30088
30095
30106
30115
30124
30137
30144
30151
30160
30171
30180
30191
30200
30209
30220
30229
30240
30249
30260
30269
30280
30291
30304
30323
30326
30341
30350
30353
30364
30371
30378
30385
30392
30403
30410
30415
30422
30431
30440
30453
30466
30473
30480
30485
30494
30499
30506
30513
30516
30535
30544
30557
30574
30589
30602
30613
30620
30629
30638
30647
30654
30661
30672
30683
30688
30695
30710
30717
30724
30731
30736
30741
30750
30757
30768
30777
30784
30799
30802
30805
30808
30813
30820
30829
30838
30849
30858
30873
30888
30901
30912
30923
30934
30943
30954
30967
30980
30989
31000
31009
31024
31033
31038
31043
31060
31069
31086
31097
31108
31121
31134
31145
31156
31165
31172
31181
31192
31203
31214
31223
31240
31247
31264
31271
31282
31295
31304
31313
31322
31331
31338
31345
31348
31363
31366
31369
31382
31391
31402
31405
31416
31427
31436
31445
31460
31467
31474
31481
31488
31499
31510
31517
31524
31533
31542
31557
31564
31571
31578
31585
31590
31601
31606
31629
31652
31655
31688
31695
31700
31705
31712
31719
31726
31739
31746
31753
31758
31763
31770
31777
31782
31789
31808
31815
31824
31837
31846
31855
31860
31869
31878
31887
31896
31905
31914
31923
31932
31941
31950
31955
31964
31973
31982
31991
32000
32009
32018
32035
32038
32047
32056
32061
32074
32081
32090
32107
32114
32125
32140
32155
32162
32175
32180
32191
32200
32205
32210
32219
32230
32241
32258
32275
32282
32291
32296
32303
32314
32323
32326
32331
32338
32345
32350
32367
32376
32393
32400
32407
32418
32435
32452
32459
32464
32475
32484
32495
32506
32523
32540
32547
32564
32571
32578
32595
32602
32611
32620
32627
32636
32653
32670
32679
32690
32703
32708
32721
32728
32737
32742
32759
32768
32785
32794
32799
32812
32819
32836
32847
32872
32889
32892
32901
32908
32915
32920
32925
32938
32945
32954
32965
32974
32981
32988
32995
33002
33009
33016
33023
33032
33039
33048
33055
33066
33079
33088
33097
33104
33113
33120
33127
33136
33147
33156
33165
33176
33185
33198
33211
33222
33229
33236
33243
33250
33261
33270
33277
33284
33289
33294
33303
33316
33325
33340
33349
33358
33367
33384
33393
33404
33421
33430
33439
33460
33469
33480
33491
33502
33511
33530
33541
33558
33577
33584
33597
33616
33627
33636
33649
33662
33673
33682
33693
33702
33713
33728
33741
33750
33759
33766
33773
33786
33793
33798
33815
33820
33829
33836
33847
33856
33867
33874
33887
33900
33913
33920
33937
33940
33949
33956
33967
33978
33989
33998
34007
34018
34029
34038
34047
34056
34063
34074
34081
34088
34093
34098
34105
34112
34123
34130
34143
34150
34161
34172
34185
34194
34201
34208
34223
34230
34239
34250
34267
34278
34289
34296
34311
34320
34329
34342
34349
34360
34369
34384
34391
34402
34415
34426
34433
34440
34451
34462
34469
34478
34485
34502
34513
34516
34527
34530
34533
34536
34539
34542
34545
34552
34561
34572
34585
34598
34613
34626
34639
34648
34657
34670
34681
34688
34695
34708
34719
34722
34737
34750
34763
34772
34783
34796
34805
34812
34823
34842
34855
34866
34875
34884
34887
34898
34915
34924
34935
34948
34951
34958
34969
34986
35001
35012
35023
35032
35041
35052
35069
35078
35085
35098
35105
35114
35121
35132
35139
35146
35157
35170
35181
35192
35209
35216
35219
35226
35229
35240
35249
35260
35277
35294
35311
35318
35323
35330
35345
35362
35371
35382
35393
35404
35413
35430
35447
35460
35477
35480
35497
35514
35523
35536
35557
35568
35581
35588
35593
35600
35607
35612
35627
35634
35643
35654
35661
35672
35679
35696
35705
35714
35721
35730
35735
35738
35749
35758
35773
35786
35789
35792
35803
35814
35825
35834
35837
35856
35859
35866
35869
35880
35889
35902
35913
35924
35951
35964
35987
35996
36009
36018
36029
36040
36049
36052
36059
36070
36083
36106
36109
36120
36129
36140
36153
36174
36181
36188
36195
36202
36223
36232
36243
36252
36257
36274
36281
36292
36303
36318
36331
36348
36355
36360
36363
36374
36377
36380
36383
36386
36389
36392
36403
36406
36409
36412
36415
36426
36429
36438
36447
36456
36459
36472
36491
36500
36509
36528
36537
36546
36555
36560
36565
36568
36583
36600
36617
36630
36649
36658
36665
36670
36687
36694
36701
36708
36725
36734
36745
36752
36761
36768
36773
36778
36787
36796
36803
36822
36831
36840
36849
36854
36863
36874
36887
36904
36915
36926
36943
36954
36959
36966
36973
36982
36991
36998
37013
37018
37029
37046
37057
37074
37091
37098
37105
37114
37121
37128
37133
37136
37155
37170
37179
37194
37207
37214
37229
37238
37259
37270
37279
37296
37311
37320
37329
37340
37347
37356
37373
37376
37391
37406
37425
37436
37451
37466
37471
37480
37497
37506
37513
37522
37525
37542
37559
37572
37593
37604
37625
37642
37651
37664
37685
37698
37709
37720
37737
37748
37755
37776
37789
37808
37819
37832
37847
37858
37867
37884
37895
37904
37911
37918
37923
37932
37939
37946
37959
37978
37997
38010
38021
38030
38045
38054
38063
38074
38091
38100
38109
38118
38139
38156
38165
38176
38179
38186
38197
38206
38217
38234
38243
38246
38249
38258
38261
38268
38271
38274
38277
38288
38295
38304
38321
38338
38355
38372
38379
38384
38389
38398
38407
38418
38429
38446
38453
38464
38481
38496
38503
38512
38519
38528
38537
38544
38567
38576
38583
38592
38601
38612
38623
38636
38641
38656
38665
38676
38699
38712
38725
38740
38747
38764
38777
38780
38787
38796
38809
38820
38831
38840
38865
38886
38907
38926
38947
38974
38985
39002
39005
39014
39025
39036
39049
39074
39093
39096
39109
39112
39119
39122
39137
39146
39157
39166
39189
39208
39223
39240
39257
39268
39287
39302
39325
39342
39353
39366
39393
39404
39423
39426
39435
39448
39465
39490
39505
39518
39529
39546
39565
39588
39613
39622
39639
39656
39671
39678
39695
39698
39709
39720
39731
39734
39743
39758
39761
39764
39767
39770
39773
39776
39779
39782
39799
39808
39811
39814
39827
39836
39861
39864
39883
39892
39923
39926
39933
39950
39953
39956
39975
39988
40007
40010
40019
40030
40033
40042
40055
40058
40071
40080
40087
40098
40109
40118
40125
40134
40145
40152
40165
40172
40189
40198
40205
40212
40219
40230
40235
40248
40255
40260
40269
40280
40289
40294
40301
40312
40329
40342
40349
40402
40423
40432
40441
40450
40461
40476
40487
40494
40503
40512
40523
40532
40541
40550
40567
40582
40591
40602
40615
40632
40649
40660
40677
40686
40693
40702
40705
40722
40731
40742
40751
40766
40777
40792
40807
40820
40833
40842
40851
40868
40877
40886
40895
40910
40919
40930
40941
40950
40959
40970
40981
40996
41005
41020
41035
41050
41061
41072
41085
41098
41107
41116
41127
41144
41155
41172
41181
41190
41201
41212
41223
41234
41245
41256
41267
41282
41299
41308
41317
41324
41341
41348
41361
41378
41391
41408
41421
41438
41449
41462
41475
41486
41497
41508
41519
41526
41533
41542
41555
41566
41581
41602
41615
41632
41635
41644
41649
41654
41657
41660
41675
41686
41703
41720
41737
41754
41771
41790
41807
41818
41827
41852
41863
41874
41889
41898
41909
41920
41947
41958
41967
41974
41991
42002
42013
42026
42037
42048
42057
42070
42079
42088
42097
42112
42121
42126
42131
42140
42157
42174
42183
42196
42209
42218
42229
42238
42255
42272
42281
42290
42299
42308
42319
42324
42327
42342
42369
42378
42381
42390
42401
42410
42423
42436
42451
42462
42477
42486
42495
42504
42513
42520
42537
42552
42561
42568
42573
42588
42603
42620
42631
42640
42657
42660
42669
42690
42707
42714
42729
42744
42759
42766
42773
42782
42793
42804
42815
42824
42831
42842
42853
42862
42869
42878
42903
42910
42917
42932
42939
42950
42961
42976
42995
43008
43025
43034
43037
43044
43055
43062
43071
43078
43089
43096
43107
43118
43123
43130
43141
43148
43153
43164
43175
43184
43191
43206
43243
43250
43259
43266
43277
43296
43321
43334
43421
43438
43445
43468
43483
43492
43503
43510
43515
43522
43529
43544
43553
43562
43575
43590
43593
43600
43617
43626
43639
43666
43677
43702
43721
43744
43763
43784
43791
43798
43805
43814
43827
43838
43851
43866
43869
43886
43903
43920
43933
43944
43963
43972
43987
44000
44017
44024
44033
44044
44053
44070
44081
44098
44107
44122
44135
44144
44161
44170
44179
44190
44199
44206
44215
44224
44235
44250
44259
44262
44279
44286
44297
44304
44313
44320
44327
44338
44353
44362
44369
44376
44389
44398
44405
44410
44417
44420
44427
44444
44449
44458
44465
44472
44483
44504
44521
44530
44549
44566
44583
44600
44609
44620
44637
44646
44657
44664
44673
44682
44695
44706
44719
44728
44743
44756
44769
44780
44789
44798
44807
44818
44905
44914
44925
44932
44939
44944
44949
44956
44965
44972
44979
44996
45001
45012
45021
45028
45039
45050
45059
45066
45075
45082
45097
45104
45111
45118
45123
45132
45141
45150
45163
45174
45185
45202
45213
45220
45225
45232
45241
45250
45257
45264
45273
45284
45293
45300
45311
45316
45321
45330
45347
45358
45369
45380
45389
45404
45417
45424
45435
45446
45449
45460
45467
45474
45483
45492
45499
45512
45519
45526
45533
45544
45549
45554
45559
45564
45571
45578
45589
45594
45601
45608
45613
45624
45631
45638
45647
45656
45665
45680
45689
45698
45707
45716
45731
45744
45759
45764
45781
45788
45801
45808
45815
45822
45829
45840
45847
45860
45877
45884
45897
45912
45917
45926
45943
45950
45957
45972
45979
45988
45995
46006
46049
46066
46075
46084
46091
46108
46117
46120
46131
46140
46147
46160
46171
46180
46183
46196
46207
46220
46229
46240
46243
46254
46259
46266
46279
46290
46301
46310
46327
46334
46345
46356
46371
46382
46393
46406
46413
46418
46421
46424
46433
46436
46455
46462
46477
46486
46493
46500
46513
46520
46527
46534
46539
46544
46561
46570
46581
46588
46595
46604
46617
46624
46631
46636
46639
46656
46665
46674
46689
46702
46709
46724
46735
46744
46765
46776
46785
46794
46799
46808
46819
46822
46833
46842
46853
46870
46881
46894
46907
46916
46929
46940
46953
46964
46973
46982
46993
47000
47007
47012
47021
47030
47037
47044
47057
47060
47067
47128
47145
47148
47151
47160
47163
47166
47169
47172
47175
47178
47181
47184
47201
47218
47247
47264
47275
47290
47305
47314
47323
47332
47341
47352
47357
47364
47371
47388
47395
47402
47423
47436
47443
47450
47467
47476
47483
47492
47501
47512
47521
47530
47547
47558
47567
47576
47583
47596
47607
47620
47629
47642
47653
47662
47667
47684
47693
47702
47719
47730
47743
47754
47765
47782
47799
47812
47829
47838
47849
47862
47873
47882
47897
47904
47921
47930
47941
47954
47961
47970
47981
47992
48003
48014
48021
48032
48047
48062
48079
48090
48101
48110
48121
48124
48127
48144
48155
48172
48189
48206
48223
48240
48257
48262
48279
48296
48313
48330
48341
48358
48369
48386
48395
48402
48411
48420
48437
48454
48471
48488
48499
48506
48515
48526
48539
48544
48551
48568
48579
48584
48595
48612
48619
48628
48637
48646
48693
48698
48705
48714
48719
48724
48733
48742
48751
48758
48767
48776
48785
48792
48799
48810
48819
48826
48835
48844
48855
48870
48879
48888
48895
48902
48917
48924
48935
48946
48951
48960
48965
48972
48981
48988
48999
49010
49027
49038
49043
49058
49065
49072
49081
49092
49099
49106
49119
49124
49131
49138
49155
49162
49169
49174
49181
49190
49195
49212
49221
49232
49249
49262
49267
49274
49277
49282
49285
49288
49295
49298
49301
49304
49307
49316
49325
49328
49339
49342
49345
49348
49357
49360
49367
49380
49397
49408
49425
49434
49451
49468
49485
49502
49511
49528
49545
49552
49569
49586
49591
49608
49617
49634
49641
49652
49667
49688
49705
49716
49729
49738
49755
49772
49787
49798
49809
49830
49839
49846
49853
49870
49895
49908
49915
49918
49927
49940
49957
49960
49969
49978
49981
49992
50003
50012
50021
50032
50041
50050
50059
50068
50077
50084
50101
50108
50117
50124
50133
50138
50153
50160
50169
50180
50191
50206
50217
50224
50231
50240
50245
50258
50267
50272
50279
50288
50303
50314
50327
50338
50349
50356
50363
50372
50381
50388
50397
50408
50425
50442
50453
50460
50469
50484
50495
50506
50529
50542
50555
50568
50585
50598
50609
50622
50637
50652
50667
50686
50701
50716
50733
50744
50761
50776
50785
50794
50803
50814
50833
50842
50853
50864
50881
50892
50905
50916
50927
50934
50943
50952
50961
50970
50983
50992
51005
51020
51029
51038
51047
51056
51067
51080
51083
51100
51113
51130
51143
51160
51177
51180
51183
51186
51201
51234
51263
51272
51301
51316
51327
51344
51361
51364
51383
51392
51409
51420
51445
51456
51477
51482
51493
51510
51527
51544
51563
51582
51607
51628
51641
51662
51685
51706
51721
51724
51747
51768
51785
51794
51797
51806
51815
51838
51853
51872
51885
51900
51921
51940
51961
51980
51993
52018
52051
52068
52085
52110
52119
52134
52163
52186
52207
52220
52241
52264
52287
52310
52331
52356
52367
52390
52413
52434
52447
52470
52493
52516
52539
52562
52585
52608
52617
52632
52655
52664
52687
52712
52721
52740
52759
52774
52791
52808
52825
52840
52853
52870
52887
52912
52931
52952
52971
53000
53013
53030
53047
53060
53081
53100
53129
53156
53175
53178
53219
53238
53257
53276
53281
53292
53323
53344
53369
53384
53387
53394
53397
53400
53421
53442
53465
53486
53497
53508
53525
53542
53561
53578
53603
53620
53639
53652
53669
53688
53705
53716
53735
53752
53765
53768
53785
53806
53819
53828
53853
53872
53889
53904
53915
53930
53953
53976
53999
54026
54049
54072
54095
54118
54135
54158
54179
54200
54223
54246
54257
54280
54303
54324
54347
54370
54381
54402
54425
54450
54471
54478
54501
54526
54547
54570
54591
54612
54623
54642
54661
54680
54689
54708
54733
54750
54769
54788
54803
54836
54839
54862
54879
54888
54905
54922
54941
54964
54983
55000
55025
55040
55061
55084
55093
55110
55115
55146
55161
55176
55191
55206
55221
55248
55251
55260
55269
55280
55299
55322
55339
55366
55381
55394
55411
55436
55459
55478
55489
55508
55529
55552
55555
55572
55591
55606
55625
55646
55691
55700
55711
55726
55735
55744
55755
55784
55809
55834
55853
55860
55879
55882
55893
55896
55899
55928
55943
55984
55987
55990
55999
56002
56005
56024
56035
56060
56077
56110
56129
56142
56159
56168
56197
56214
56235
56260
56271
56288
56297
56300
56329
56352
56361
56384
56393
56416
56431
56448
56463
56478
56493
56508
56523
56534
56549
56552
56555
56558
56561
56578
56599
56602
56615
56628
56637
56648
56665
56688
56693
56710
56727
56730
56739
56756
56771
56782
56803
56812
56829
56840
56851
56858
56871
56882
56899
56914
56919
56932
56935
56952
56967
56976
56995
57008
57021
57034
57043
57052
57065
57076
57093
57100
57117
57120
57129
57132
57135
57138
57141
57154
57157
57160
57177
57184
57201
57204
57213
57220
57231
57238
57329
57338
57347
57358
57367
57376
57385
57392
57405
57408
57413
57426
57435
57442
57453
57460
57469
57480
57491
57504
57513
57518
57529
57546
57555
57562
57579
57596
57613
57622
57639
57656
57673
57686
57703
57720
57737
57754
57771
57788
57805
57808
57821
57838
57853
57870
57887
57904
57921
57938
57955
57972
57981
57994
58007
58022
58029
58046
58057
58066
58075
58086
58097
58112
58127
58130
58145
58154
58163
58170
58181
58192
58199
58216
58229
58242
58251
58258
58269
58276
58287
58300
58307
58334
58343
58352
58363
58380
58383
58398
58405
58416
58429
58438
58447
58454
58457
58470
58477
58488
58497
58500
58509
58520
58523
58534
58545
58548
58557
58568
58571
58582
58595
58604
58613
58624
58627
58636
58641
58650
58661
58678
58695
58712
58721
58730
58743
58756
58761
58768
58771
58774
58785
58876
58883
58886
58895
58904
58907
58914
58923
58934
58941
58950
58959
58966
58977
58984
58999
59016
59031
59054
59057
59066
59083
59092
59095
59098
59109
59120
59133
59136
59149
59156
59169
59172
59183
59186
59197
59206
59223
59232
59243
59258
59269
59280
59297
59304
59313
59322
59329
59336
59345
59354
59361
59368
59379
59396
59405
59412
59419
59426
59433
59440
59449
59458
59467
59476
59485
59494
59505
59516
59527
59538
59549
59558
59567
59576
59589
59602
59619
59630
59639
59656
59673
59690
59693
59696
59699
59706
59717
59728
59739
59750
59759
59770
59779
59788
59797
59810
59827
59848
59869
59880
59897
59914
59925
59942
59955
59964
59971
59980
59985
59994
60005
60012
60027
60044
60053
60064
60081
60100
60123
60128
60133
60192
60207
60218
60225
60230
60237
60256
60269
60282
60299
60310
60321
60330
60343
60360
60377
60398
60405
60426
60443
60452
60461
60472
60491
60512
60529
60550
60571
60588
60591
60598
60613
60620
60631
60638
60645
60662
60679
60690
60709
60720
60727
60734
60743
60752
60767
60778
60789
60802
60811
60816
60821
60826
60835
60852
60861
60880
60891
60902
60913
60924
60935
60952
60969
60982
60999
61006
61025
61032
61039
61048
61069
61090
61107
61128
61149
61162
61177
61194
61207
61214
61233
61256
61269
61288
61301
61310
61327
61344
61355
61362
61377
61390
61399
61412
61423
61436
61445
61454
61465
61476
61487
61500
61513
61526
61533
61540
61547
61554
61561
61572
61587
61604
61613
61620
61627
61642
61649
61656
61665
61674
61683
61764
61773
61782
61791
61800
61809
61824
61833
61842
61851
61860
61875
61884
61893
61902
61911
61926
61933
61944
61951
61962
61969
61982
61989
61996
62003
62014
62023
62044
62053
62056
62067
62076
62093
62104
62113
62122
62125
62128
62131
62142
62159
62168
62177
62186
62201
62210
62223
62236
62253
62256
62259
62262
62275
62288
62301
62318
62325
62340
62355
62368
62383
62398
62407
62420
62429
62446
62471
62480
62489
62504
62521
62528
62533
62542
62551
62560
62569
62588
62597
62606
62613
62622
62631
62650
62669
62682
62695
62712
62731
62748
62761
62774
62785
62808
62831
62834
62847
62862
62875
62894
62907
62922
62931
62944
62953
62966
62981
62990
63001
63020
63039
63056
63069
63080
63091
63102
63113
63124
63133
63144
63159
63240
63249
63264
63275
63284
63295
63310
63321
63336
63345
63358
63369
63386
63393
63396
63411
63422
63433
63446
63455
63468
63479
63484
63497
63506
63515
63524
63533
63542
63551
63560
63569
63572
63581
63590
63599
63608
63623
63636
63651
63654
63667
63680
63691
63704
63711
63722
63739
63744
63753
63764
63771
63778
63795
63810
63827
63838
63855
63866
63875
63890
63907
63916
63925
63942
63949
63956
63965
63972
63979
63988
64001
64016
64029
64042
64055
64060
64071
64084
64099
64108
64119
64132
64139
64148
64155
64166
64175
64188
64197
64214
64217
64220
64223
64234
64237
64250
64257
64264
64275
64280
64287
64294
64301
64310
64319
64328
64337
64352
64367
64380
64385
64398
64415
64430
64435
64442
64451
64462
64469
64476
64495
64578
64597
64622
64647
64664
64681
64696
64711
64720
64735
64750
64765
64770
64777
64792
64807
64822
64837
64852
64867
64874
64887
64896
64907
64918
64927
64938
64945
64950
64959
64982
64991
65008
65017
65028
65037
65040
65049
65058
65065
65074
65087
65096
65107
65118
65121
65132
65141
65154
65163
65172
65185
65198
65211
65224
65237
65254
65263
65276
65285
65294
65305
65318
65331
65340
65357
65364
65371
65388
65401
65422
65433
65444
65455
65466
65471
65486
65495
65502
65507
65514
65519
65526
65533
65540
65553
65560
65567
65574
65583
65596
65607
65624
65631
65640
65655
65668
65681
65690
65703
65712
65723
65734
65745
65754
65769
65780
65783
65788
65799
65810
65821
65828
65841
65850
65859
65872
65877
65886
65893
65906
65917
65922
65933
65962
65981
65992
66001
66004
66013
66026
66031
66038
66049
66060
66069
66074
66081
66086
66097
66104
66111
66118
66137
66146
66155
66170
66181
66194
66203
66210
66229
66238
66245
66252
66259
66266
66279
66290
66293
66310
66317
66332
66339
66358
66369
66374
66379
66398
66415
66428
66433
66450
66459
66472
66505
66514
66523
66536
66547
66560
66573
66586
66595
66606
66615
66624
66633
66640
66649
66662
66679
66694
66705
66716
66727
66738
66749
66764
66777
66792
66801
66814
66827
66838
66851
66866
66877
66886
66897
66910
66919
66934
66947
66960
66973
66984
66997
67004
67015
67024
67037
67046
67059
67078
67089
67100
67111
67124
67135
67142
67153
67162
67173
67186
67199
67210
67219
67234
67243
67256
67261
67266
67271
67276
67285
67310
67317
67322
67329
67334
67343
67352
67365
67374
67383
67390
67399
67408
67423
67428
67439
67444
67455
67460
67467
67480
67491
67502
67507
67522
67535
67546
67551
67568
67579
67592
67599
67608
67615
67628
67643
67646
67657
67670
67681
67688
67699
67714
67719
67724
67735
67740
67747
67752
67763
67768
67775
67788
67805
67822
67825
67846
67857
67862
67875
67888
67897
67902
67911
67922
67931
67934
67947
67952
67965
67970
67991
68004
68011
68016
68029
68034
68037
68050
68055
68072
68075
68082
68089
68098
68105
68118
68125
68128
68133
68146
68151
68166
68171
68182
68197
68202
68211
68224
68229
68232
68237
68250
68255
68268
68279
68288
68295
68300
68307
68314
68343
68356
68361
68366
68379
68386
68391
68404
68421
68434
68439
68442
68451
68460
68465
68478
68483
68490
68497
68510
68515
68528
68531
68536
68547
68560
68565
68572
68577
68590
68595
68600
68615
68618
68623
68630
68639
68644
68649
68658
68671
68676
68695
68700
68703
68718
68731
68736
68739
68752
68759
68766
68779
68792
68805
68808
68821
68834
68839
68848
68855
68868
68881
68886
68899
68904
68907
68912
68925
68930
68935
68948
68953
68966
68975
68980
68989
68992
68999
69006
69013
69030
69045
69058
69063
69076
69081
69086
69089
69102
69107
69114
69135
69138
69143
69148
69161
69172
69177
69190
69193
69198
69213
69218
69229
69238
69247
69252
69265
69270
69281
69292
69297
69312
69333
69352
69375
69390
69409
69420
69427
69438
69461
69472
69493
69504
69513
69524
69543
69560
69569
69578
69597
69600
69607
69618
69623
69630
69645
69652
69659
69666
69679
69690
69693
69702
69719
69736
69743
69750
69765
69780
69787
69800
69809
69814
69827
69840
69859
69876
69889
69904
69921
69940
69953
69970
69979
69982
69999
70008
70021
70024
70037
70056
70073
70090
70097
70108
70117
70128
70143
70162
70181
70190
70203
70220
70229
70240
70253
70268
70277
70292
70303
70310
70317
70328
70341
70352
70357
70370
70375
70384
70401
70418
70439
70448
70459
70476
70491
70494
70501
70510
70521
70532
70543
70554
70567
70590
70605
70622
70629
70644
70649
70664
70679
70688
70701
70706
70717
70722
70727
70734
70741
70750
70759
70776
70795
70816
70831
70850
70871
70886
70899
70912
70941
70958
70967
70976
70987
71006
71017
71026
71037
71054
71069
71078
71099
71116
71135
71144
71161
71176
71187
71206
71221
71242
71261
71278
71293
71310
71319
71332
71351
71364
71373
71390
71401
71418
71433
71448
71461
71476
71485
71500
71523
71542
71561
71572
71579
71590
71611
71622
71641
71660
71663
71674
71687
71702
71723
71732
71749
71764
71779
71796
71805
71822
71833
71844
71857
71870
71877
71892
71901
71912
71921
71934
71943
71956
71973
71986
71995
72006
72029
72044
72061
72080
72089
72100
72107
72124
72133
72140
72157
72170
72187
72194
72203
72222
72233
72248
72261
72278
72293
72306
72319
72330
72347
72358
72375
72392
72405
72422
72433
72452
72465
72480
72491
72502
72519
72532
72545
72558
72577
72590
72609
72620
72627
72642
72657
72666
72671
72678
72689
72700
72707
72718
72729
72740
72749
72760
72763
72780
72783
72786
72789
72792
72795
72798
72809
72826
72841
72856
72865
72882
72899
72916
72935
72946
72963
72970
72979
72996
73007
73018
73033
73046
73049
73072
73075
73090
73095
73112
73117
73126
73137
73150
73167
73178
73187
73190
73201
73230
73233
73242
73253
73262
73271
73280
73291
73304
73315
73324
73333
73340
73349
73358
73369
73380
73391
73408
73417
73434
73449
73462
73469
73486
73493
73506
73519
73528
73535
73546
73561
73582
73603
73610
73623
73638
73655
73670
73691
73706
73719
73734
73751
73766
73773
73784
73795
73802
73819
73834
73845
73848
73859
73872
73881
73888
73905
73920
73931
73942
73951
73964
73977
73996
74009
74024
74033
74048
74071
74080
74091
74104
74117
74130
74141
74154
74167
74174
74183
74188
74193
74196
74207
74214
74223
74236
74249
74262
74269
74276
74293
74300
74307
74314
74329
74338
74347
74354
74361
74366
74373
74380
74397
74402
74409
74418
74433
74446
74463
74468
74475
74484
74493
74502
74519
74536
74553
74562
74565
74582
74599
74604
74685
74692
74699
74710
74717
74728
74735
74744
74765
74786
74797
74802
74823
74838
74853
74870
74885
74900
74915
74924
74933
74944
74953
74964
74971
74982
74993
75002
75027
75036
75049
75062
75069
75076
75081
75092
75099
75106
75117
75126
75139
75150
75171
75184
75193
75202
75213
75224
75235
75248
75265
75272
75281
75288
75297
75302
75319
75328
75335
75352
75373
75380
75387
75394
75401
75408
75413
75426
75435
75444
75453
75462
75473
75480
75497
75500
75505
75510
75517
75526
75539
75552
75563
75574
75587
75596
75603
75606
75617
75626
75633
75640
75649
75662
75669
75684
75691
75698
75705
75712
75721
75730
75745
75756
75767
75778
75781
75792
75807
75824
75829
75842
75845
75848
75857
75864
75871
75878
75885
75892
75895
75908
75975
75982
75989
75996
76003
76010
76017
76024
76031
76040
76047
76052
76061
76068
76075
76082
76089
76096
76103
76108
76133
76140
76147
76160
76167
76196
76205
76218
76231
76238
76247
76254
76265
76272
76281
76290
76299
76310
76321
76342
76351
76360
76371
76380
76385
76390
76407
76414
76423
76432
76443
76456
76467
76476
76495
76500
76517
76536
76543
76556
76571
76590
76601
76614
76627
76638
76643
76652
76661
76672
76683
76698
76707
76720
76729
76738
76745
76752
76759
76766
76773
76782
76789
76802
76811
76820
76833
76838
76843
76850
76857
76866
76873
76880
76883
76890
76907
76912
76917
76932
76939
76944
76951
76958
76965
76972
76983
76994
77001
77008
77019
77032
77049
77062
77071
77078
77087
77094
77107
77114
77119
77128
77131
77160
77175
77182
77193
77204
77211
77224
77237
77244
77257
77260
77271
77278
77285
77292
77299
77308
77317
77324
77331
77338
77351
77356
77369
77378
77393
77402
77411
77416
77427
77432
77439
77444
77449
77458
77467
77484
77493
77500
77507
77514
77521
77528
77533
77538
77545
77552
77559
77568
77577
77584
77591
77602
77611
77628
77633
77644
77647
77650
77667
77670
77679
77682
77699
77702
77711
77716
77731
77742
77759
77772
77775
77778
77787
77790
77795
77800
77805
77812
77825
77840
77845
77856
77863
77866
77879
77892
77903
77914
77919
77928
77935
77952
77955
77958
77975
77992
78003
78014
78017
78022
78039
78056
78063
78072
78081
78090
78099
78108
78115
78124
78129
78138
78149
78156
78163
78174
78187
78192
78199
78204
78215
78270
78281
78286
78297
78316
78327
78340
78353
78366
78379
78392
78397
78410
78423
78432
78443
78448
78457
78462
78467
78474
78479
78484
78499
78516
78523
78530
78541
78548
78555
78562
78569
78578
78583
78592
78597
78602
78611
78620
78635
78640
78647
78654
78661
78666
78677
78686
78693
78704
78721
78730
78743
78752
78761
78764
78769
78772
78779
78788
78795
78802
78809
78816
78841
78848
78855
78860
78867
78874
78883
78890
78895
78900
78907
78912
78939
78944
78949
78954
78959
78966
78973
78980
78989
78998
79005
79014
79023
79034
79039
79052
79065
79072
79083
79094
79107
79120
79127
79132
79149
79154
79163
79180
79191
79204
79213
79232
79241
79250
79259
79266
79271
79280
79291
79300
79309
79322
79335
79346
79357
79370
79383
79464
79479
79494
79501
79510
79523
79536
79547
79558
79567
79576
79581
79590
79599
79608
79619
79628
79639
79646
79653
79664
79677
79682
79695
79708
79717
79724
79735
79746
79755
79766
79775
79782
79787
79794
79799
79806
79817
79824
79835
79846
79859
79866
79887
79892
79913
79918
79927
79934
79951
79970
79993
80002
80007
80020
80025
80040
80049
80066
80085
80104
80125
80138
80157
80166
80185
80192
80197
80220
80239
80252
80265
80278
80291
80300
80313
80326
80337
80342
80351
80362
80375
80384
80395
80412
80415
80426
80433
80436
80441
80452
80455
80458
80461
80464
80467
80470
80485
80488
80491
80496
80499
80512
80515
80518
80521
80524
80543
80546
80549
80552
80557
80560
80563
80574
80577
80580
80583
80586
80589
80598
80607
80690
80697
80710
80717
80722
80735
80744
80761
80768
80775
80782
80787
80794
80801
80808
80821
80834
80845
80856
80867
80874
80877
80882
80889
80892
80897
80914
80927
80940
80951
80958
80967
80976
80981
80990
80997
81006
81023
81040
81047
81054
81067
81076
81087
81092
81101
81110
81119
81128
81139
81148
81167
81180
81193
81204
81213
81218
81229
81238
81241
81252
81271
81274
81289
81292
81299
81318
81323
81330
81337
81344
81351
81356
81363
81378
81391
81400
81407
81412
81431
81438
81453
81460
81469
81480
81487
81502
81511
81520
81525
81538
81547
81554
81565
81578
81591
81598
81603
81622
81629
81634
81637
81656
81665
81678
81695
81710
81723
81730
81739
81746
81751
81758
81769
81774
81787
81794
81801
81808
81825
81830
81835
81864
81873
81880
81889
81906
81913
81924
81927
81930
81933
81936
81941
81946
81953
81962
81977
81990
82001
82012
82023
82034
82043
82048
82059
82070
82083
82096
82099
82122
82139
82148
82165
82174
82179
82194
82201
82212
82219
82226
82237
82248
82255
82270
82279
82288
82293
82300
82317
82334
82351
82364
82377
82388
82395
82404
82417
82422
82433
82444
82455
82464
82471
82478
82489
82506
82515
82524
82529
82538
82547
82554
82561
82564
82567
82570
82573
82576
82579
82584
82587
82598
82601
82604
82617
82630
82633
82650
82653
82656
82661
82664
82667
82684
82695
82706
82715
82724
82731
82738
82745
82750
82757
82774
82797
82806
82829
82832
82841
82864
82871
82878
82883
82890
82897
82916
82925
82936
82945
82954
82963
82972
82981
83024
83033
83042
83051
83060
83069
83080
83091
83100
83109
83118
83123
83132
83149
83152
83169
83172
83185
83198
83207
83214
83221
83236
83245
83254
83271
83288
83295
83306
83313
83326
83341
83346
83355
83370
83379
83390
83401
83418
83435
83444
83449
83458
83461
83470
83485
83490
83497
83504
83509
83526
83543
83560
83577
83592
83597
83612
83625
83630
83641
83650
83667
83684
83699
83706
83713
83722
83725
83732
83739
83748
83765
83782
83791
83804
83809
83816
83823
83826
83843
83860
83871
83878
83895
83912
83921
83938
83955
83960
83967
83974
83985
84002
84015
84018
84027
84034
84041
84046
84051
84060
84067
84078
84087
84092
84101
84110
84117
84124
84131
84138
84145
84154
84161
84168
84175
84182
84193
84200
84207
84214
84223
84266
84277
84290
84299
84308
84317
84326
84335
84342
84351
84358
84367
84378
84391
84398
84407
84426
84433
84442
84451
84460
84471
84482
84491
84500
84513
84526
84537
84546
84553
84566
84575
84590
84599
84606
84615
84624
84635
84652
84669
84678
84687
84708
84717
84728
84737
84748
84757
84764
84769
84776
84783
84790
84799
84810
84817
84824
84833
84850
84857
84862
84867
84876
84883
84892
84901
84910
84917
84922
84931
84940
84951
84958
84971
84988
84999
85004
85011
85020
85027
85036
85045
85062
85069
85084
85093
85098
85109
85126
85133
85150
85161
85170
85189
85204
85221
85240
85247
85260
85279
85286
85297
85310
85323
85334
85343
85360
85369
85380
85395
85408
85415
85424
85431
85438
85451
85458
85463
85474
85479
85488
85495
85520
85531
85542
85549
85562
85575
85588
85595
85606
85623
85626
85641
85648
85665
85674
85681
85692
85703
85712
85721
85732
85743
85754
85761
85770
85779
85786
85793
85800
85805
85810
85817
85824
85835
85842
85851
85858
85865
85876
85889
85898
85905
85912
85927
85934
85941
85950
85959
85970
85977
85992
86001
86010
86023
86030
86041
86050
86059
86074
86085
86092
86103
86110
86117
86128
86139
86146
86153
86162
86169
86186
86195
86212
86215
86218
86235
86238
86241
86248
86265
86268
86285
86288
86299
86316
86319
86326
86335
86348
86357
86370
86383
86392
86401
86418
86427
86432
86449
86460
86467
86474
86487
86498
86505
86518
86531
86544
86557
86568
86585
86592
86601
86608
86625
86628
86643
86658
86671
86676
86685
86694
86703
86718
86745
86756
86769
86778
86789
86808
86821
86832
86841
86848
86859
86868
86871
86882
86899
86908
86921
86932
86943
86946
86953
86970
86977
86984
86993
87004
87021
87032
87047
87064
87075
87086
87095
87102
87111
87120
87137
87146
87153
87166
87173
87182
87189
87196
87203
87210
87223
87232
87243
87254
87271
87278
87281
87288
87291
87298
87307
87324
87341
87350
87367
87374
87383
87388
87397
87412
87421
87428
87435
87450
87467
87478
87487
87496
87513
87530
87543
87550
87567
87570
87587
87600
87613
87626
87635
87642
87647
87654
87663
87680
87695
87698
87715
87724
87733
87750
87755
87762
87765
87772
87783
87798
87813
87820
87823
87832
87843
87860
87867
87884
87901
87910
87913
87916
87933
87942
87949
87964
87975
87988
87991
87994
88005
88028
88037
88040
88043
88052
88061
88064
88067
88070
88073
88076
88083
88086
88089
88108
88123
88134
88139
88148
88159
88166
88193
88204
88215
88228
88237
88254
88267
88284
88295
88304
88315
88318
88329
88336
88349
88360
88369
88382
88403
88416
88423
88430
88437
88456
88463
88476
88491
88506
88521
88536
88551
88566
88581
88596
88615
88626
88637
88640
88645
88652
88671
88674
88687
88698
88705
88722
88729
88740
88757
88774
88781
88792
88801
88804
88807
88816
88829
88832
88835
88838
88841
88844
88847
88850
88853
88866
88879
88892
88901
88914
88927
88940
88953
88966
88979
88992
89005
89018
89027
89052
89065
89072
89085
89098
89111
89124
89137
89150
89163
89176
89189
89202
89215
89218
89227
89240
89253
89266
89279
89292
89305
89322
89335
89348
89361
89374
89383
89396
89409
89422
89435
89448
89459
89472
89485
89498
89511
89524
89533
89546
89559
89572
89585
89594
89607
89620
89633
89646
89659
89672
89685
89698
89711
89724
89735
89748
89761
89774
89787
89800
89813
89826
89839
89852
89865
89884
89897
89910
89923
89936
89949
89962
89975
89988
90001
90014
90027
90040
90053
90066
90079
90092
90105
90118
90131
90144
90157
90170
90183
90186
90189
90192
90195
90198
90201
90204
90207
90210
90229
90236
90239
90242
90251
90260
90269
90278
90287
90296
90305
90314
90327
90336
90347
90356
90365
90374
90383
90392
90401
90410
90419
90442
90451
90460
90473
90482
90491
90500
90509
90518
90527
90536
90545
90554
90563
90572
90583
90590
90605
90614
90623
90632
90641
90652
90661
90670
90679
90688
90697
90706
90719
90728
90737
90746
90755
90764
90773
90782
90791
90800
90809
90818
90831
90840
90849
90860
90869
90878
90887
90896
90905
90914
90923
90932
90945
90954
90971
90980
90989
90998
91007
91016
91025
91034
91043
91052
91065
91078
91087
91096
91105
91114
91123
91132
91141
91150
91159
91168
91189
91200
91209
91218
91227
91236
91245
91248
91251
91254
91257
91266
91269
91278
91281
91284
91287
91290
91293
91296
91299
91302
91313
91332
91335
91338
91353
91356
91359
91362
91365
91368
91371
91374
91383
91386
91389
91392
91403
91406
91409
91412
91415
91418
91421
91454
91457
91460
91463
91466
91477
91480
91483
91486
91489
91492
91515
91518
91521
91524
91527
91530
91537
91546
91549
91552
91555
91574
91577
91580
91583
91586
91589
91592
91595
91612
91615
91618
91629
91632
91635
91638
91641
91644
91647
91650
91653
91668
91671
91682
91685
91688
91691
91694
91697
91700
91703
91706
91709
91724
91735
91738
91741
91744
91747
91750
91753
91756
91759
91762
91765
91780
91801
91804
91807
91810
91813
91816
91819
91822
91825
91828
91831
91834
91855
91858
91861
91864
91867
91870
91873
91876
91879
91888
91891
91894
91897
91908
91911
91914
91917
91920
91923
91926
91929
91956
91959
91962
91965
91976
91979
91982
91985
91988
91991
91994
92003
92006
92009
92012
92015
92032
92035
92038
92041
92044
92047
92050
92053
92056
92059
92062
92065
92082
92085
92088
92091
92094
92101
92104
92107
92110
92113
92116
92119
92126
92137
92140
92143
92146
92149
92152
92155
92158
92161
92164
92167
92170
92181
92184
92187
92190
92193
92196
92199
92202
92205
92208
92211
92214
92237
92240
92243
92246
92249
92252
92255
92258
92261
92264
92267
92270
92277
92300
92303
92306
92309
92312
92315
92318
92321
92324
92327
92356
92359
92370
92373
92376
92379
92382
92385
92388
92391
92394
92403
92420
92423
92426
92437
92440
92443
92446
92449
92452
92455
92458
92473
92476
92479
92482
92493
92496
92499
92502
92505
92508
92511
92518
92521
92524
92527
92530
92541
92544
92547
92550
92553
92556
92565
92568
92571
92574
92577
92580
92591
92594
92597
92600
92603
92612
92615
92618
92621
92624
92627
92630
92641
92644
92647
92650
92661
92664
92667
92670
92673
92676
92679
92682
92691
92708
92711
92728
92731
92734
92737
92740
92743
92746
92749
92752
92755
92772
92777
92780
92783
92786
92789
92792
92795
92798
92801
92804
92807
92812
92825
92828
92831
92834
92837
92840
92843
92846
92849
92852
92877
92886
92899
92908
92917
92926
92935
92944
92953
92962
92971
92980
92989
92998
93007
93018
93027
93036
93045
93054
93063
93072
93081
93088
93097
93106
93115
93124
93133
93142
93151
93160
93169
93178
93185
93194
93203
93212
93221
93236
93245
93254
93263
93272
93281
93290
93299
93308
93317
93326
93335
93352
93361
93370
93379
93388
93397
93406
93415
93424
93433
93442
93451
93468
93477
93486
93495
93504
93513
93522
93531
93540
93549
93558
93567
93576
93585
93594
93599
93608
93617
93626
93635
93644
93653
93662
93671
93682
93693
93704
93713
93722
93731
93740
93749
93758
93767
93776
93785
93794
93803
93812
93821
93830
93839
93848
93851
93860
93869
93880
93893
93910
93915
93920
93929
93938
93945
93950
93959
93966
93983
93996
94005
94016
94023
94026
94029
94032
94035
94038
94041
94044
94061
94064
94073
94076
94079
94082
94085
94088
94091
94094
94097
94100
94111
94120
94123
94126
94129
94132
94135
94138
94141
94144
94147
94150
94157
94166
94169
94172
94175
94178
94181
94184
94187
94190
94193
94206
94209
94218
94221
94224
94227
94230
94233
94236
94239
94242
94251
94254
94257
94268
94271
94274
94277
94280
94283
94286
94289
94302
94305
94308
94311
94322
94325
94328
94331
94334
94337
94340
94369
94372
94375
94378
94381
94396
94411
94414
94417
94420
94423
94434
94437
94440
94443
94446
94449
94452
94467
94470
94473
94476
94479
94482
94485
94488
94491
94494
94497
94500
94509
94512
94515
94522
94531
94534
94537
94540
94543
94546
94549
94552
94555
94564
94567
94576
94579
94582
94585
94588
94591
94594
94597
94600
94609
94616
94625
94634
94643
94652
94661
94666
94671
94674
94689
94706
94723
94740
94747
94756
94761
94768
94775
94784
94801
94812
94829
94836
94849
94866
94873
94876
94883
94890
94907
94910
94919
94922
94925
94936
94957
94970
94977
94994
95011
95014
95031
95048
95065
95072
95083
95092
95109
95118
95133
95148
95163
95168
95177
95194
95201
95224
95233
95236
95249
95258
95279
95296
95305
95326
95337
95344
95369
95388
95399
95412
95427
95436
95451
95460
95469
95480
95497
95522
95531
95540
95549
95570
95579
95590
95597
95606
95615
95632
95639
95668
95685
95702
95719
95736
95753
95756
95765
95768
95771
95784
95793
95796
95799
95802
95805
95818
95835
95850
95853
95864
95867
95882
95885
95888
95891
95894
95897
95900
95903
95906
95917
95920
95929
95932
95935
95938
95941
95944
95947
95950
95953
95956
95965
95992
95995
95998
96001
96004
96007
96010
96013
96016
96019
96022
96029
96038
96041
96044
96047
96050
96053
96056
96059
96062
96065
96074
96077
96086
96089
96092
96095
96098
96101
96104
96107
96110
96121
96124
96127
96138
96141
96144
96147
96150
96153
96156
96159
96166
96169
96172
96175
96184
96195
96198
96201
96204
96207
96210
96243
96246
96249
96252
96255
96258
96269
96272
96275
96278
96281
96292
96299
96324
96327
96330
96333
96336
96339
96342
96353
96356
96359
96362
96389
96392
96395
96398
96401
96404
96407
96410
96421
96424
96427
96436
96439
96442
96445
96448
96451
96454
96457
96470
96473
96488
96513
96528
96543
96558
96573
96588
96603
96618
96633
96646
96661
96682
96697
96712
96727
96742
96757
96772
96787
96802
96817
96826
96855
96870
96885
96900
96915
96930
96945
96960
96975
96990
97005
97030
97039
97054
97069
97084
97099
97118
97121
97124
97135
97138
97149
97152
97155
97162
97179
97190
97195
97198
97201
97204
97209
97218
97221
97228
97231
97238
97243
97250
97265
97270
97273
97276
97331
97338
97345
97350
97353
97356
97371
97374
97377
97380
97383
97398
97409
97412
97419
97422
97425
97432
97443
97452
97463
97472
97481
97512
97525
97528
97539
97548
97559
97564
97567
97578
97589
97606
97613
97630
97639
97652
97655
97664
97681
97698
97711
97720
97731
97738
97751
97764
97775
97778
97787
97798
97811
97820
97829
97836
97845
97876
97883
97894
97901
97908
97913
97922
97929
97974
97985
97992
97997
98012
98019
98026
98035
98042
98049
98060
98093
98098
98105
98112
98127
98138
98151
98156
98163
98174
98179
98214
98221
98236
98239
98242
98245
98248
98251
98260
98263
98266
98275
98308
98317
98326
98329
98332
98335
98338
98341
98348
98361
98368
98377
98384
98417
98426
98435
98442
98451
98460
98471
98482
98495
98500
98519
98534
98563
98574
98591
98602
98619
98648
98655
98664
98671
98684
98695
98716
98751
98762
98775
98792
98807
98818
98829
