0
9
11
14
15
16
17
19
20
21
22
24
25
26
29
31
32
34
35
36
37
38
40
41
43
44
46
50
51
52
54
59
62
64
73
74
75
76
78
83
84
86
87
93
94
95
96
97
98
102
110
111
114
115
116
118
121
122
123
125
133
134
135
138
139
140
141
142
143
144
145
147
148
149
150
152
154
157
158
161
163
170
171
172
173
174
175
176
178
179
180
181
182
183
184
185
186
187
189
190
191
192
194
195
198
200
205
206
207
208
210
211
212
213
214
215
216
217
218
219
221
222
224
225
226
227
231
233
234
235
236
237
239
240
242
244
245
246
248
249
250
253
254
256
257
259
260
261
262
264
265
266
268
269
270
271
272
273
274
275
276
277
279
281
282
283
284
285
286
287
288
291
292
293
294
295
296
297
298
299
303
304
305
306
309
310
311
312
313
314
315
316
317
318
323
324
325
326
327
330
332
333
339
342
343
344
348
349
350
351
352
354
357
359
360
361
364
365
366
367
368
370
371
374
375
377
378
379
381
382
384
385
386
387
390
392
393
394
397
398
399
400
408
412
413
415
416
417
418
420
421
422
429
432
433
434
435
436
441
442
443
444
446
448
450
451
452
453
457
458
459
462
465
474
475
482
485
486
487
488
490
491
492
495
496
497
500
503
504
505
506
510
511
512
513
515
516
517
518
519
520
521
522
526
528
530
531
532
536
538
542
544
545
546
547
548
550
551
552
553
555
556
557
558
559
565
566
567
568
572
573
574
575
576
578
579
580
584
586
587
588
589
590
591
593
595
596
597
598
599
600
602
603
604
605
606
609
610
611
613
614
615
616
625
626
630
637
639
640
641
642
644
653
654
655
656
660
661
662
664
665
666
669
670
671
674
676
677
678
679
680
681
682
683
684
685
686
687
689
690
691
692
693
694
696
697
699
700
701
702
703
704
705
706
709
710
714
715
716
717
718
720
721
723
724
727
728
729
730
731
732
733
734
735
736
737
738
740
742
743
744
746
750
751
752
753
754
755
756
759
760
762
766
767
768
769
770
771
773
774
775
776
778
779
780
781
782
783
785
789
790
791
792
796
797
798
801
802
803
804
805
806
807
808
810
811
812
813
814
815
816
818
819
820
821
822
823
828
830
831
833
835
837
838
839
842
843
846
847
848
849
850
851
853
858
859
863
865
866
867
868
869
874
875
876
877
879
880
881
886
887
888
890
891
893
895
896
899
900
901
902
910
918
919
920
921
922
923
925
926
928
929
934
935
937
938
940
941
942
943
944
946
947
956
957
959
963
964
965
966
967
968
969
970
971
972
973
975
976
977
978
979
980
988
989
990
991
993
994
995
996
998
999
1000
1002
1004
1007
1009
1010
1011
1012
1015
1016
1018
1019
1020
1024
1030
1031
1033
1034
1038
1039
1041
1042
1043
